0,-19.8,-1.2,157.5
1,-19.8148,-1.19395,158.073
2,-19.8297,-1.18805,158.646
3,-19.8446,-1.1823,159.219
4,-19.8596,-1.1767,159.792
5,-19.8746,-1.17125,160.365
6,-19.8897,-1.16594,160.938
7,-19.9049,-1.16079,161.511
8,-19.9201,-1.1558,162.084
9,-19.9353,-1.15095,162.657
10,-19.9506,-1.14626,163.23
11,-19.9785,-1.13813,164.269
12,-19.9939,-1.1338,164.269
13,-20.0093,-1.12946,164.269
14,-20.0247,-1.12512,164.269
15,-20.0401,-1.12078,164.269
16,-20.0555,-1.11644,164.269
17,-20.0709,-1.11211,164.269
18,-20.0863,-1.10777,164.269
19,-20.1017,-1.10343,164.269
20,-20.1171,-1.09909,164.269
21,-20.1325,-1.09476,164.269
22,-20.1479,-1.09042,164.269
23,-20.1633,-1.08608,164.269
24,-20.1787,-1.08174,164.269
25,-20.1941,-1.0774,164.269
26,-20.2095,-1.07307,164.269
27,-20.2249,-1.06873,164.269
28,-20.2403,-1.06439,164.269
29,-20.2557,-1.06005,164.269
30,-20.2711,-1.05571,164.269
31,-20.2865,-1.05138,164.269
32,-20.3019,-1.04704,164.269
33,-20.3173,-1.0427,164.269
34,-20.3327,-1.03836,164.269
35,-20.3481,-1.03402,164.269
36,-20.3635,-1.02969,164.269
37,-20.3789,-1.02535,164.269
38,-20.3943,-1.02101,164.269
39,-20.4097,-1.01667,164.269
40,-20.4251,-1.01233,164.269
41,-20.4405,-1.008,164.269
42,-20.4559,-1.00366,164.269
43,-20.4713,-0.999321,164.269
44,-20.4867,-0.994983,164.269
45,-20.5021,-0.990645,164.269
46,-20.5175,-0.986307,164.269
47,-20.5329,-0.981969,164.269
48,-20.5483,-0.977631,164.269
49,-20.5637,-0.973293,164.269
50,-20.5791,-0.968955,164.269
51,-20.5945,-0.964618,164.269
52,-20.6099,-0.96028,164.269
53,-20.6253,-0.955942,164.269
54,-20.6407,-0.951604,164.269
55,-20.6561,-0.947266,164.269
56,-20.6715,-0.942928,164.269
57,-20.6869,-0.93859,164.269
58,-20.7023,-0.934252,164.269
59,-20.7177,-0.929914,164.269
60,-20.7331,-0.925576,164.269
61,-20.7485,-0.921238,164.269
62,-20.7639,-0.9169,164.269
63,-20.7793,-0.912562,164.269
64,-20.7947,-0.908225,164.269
65,-20.8101,-0.903887,164.269
66,-20.8255,-0.899549,164.269
67,-20.8409,-0.895211,164.269
68,-20.8563,-0.890873,164.269
69,-20.8717,-0.886535,164.269
70,-20.8871,-0.882197,164.269
71,-20.9025,-0.877859,164.269
72,-20.9179,-0.873521,164.269
73,-20.9333,-0.869183,164.269
74,-20.9487,-0.864845,164.269
75,-20.9662,-0.859927,164.269
76,-20.9816,-0.855666,164.842
77,-20.9971,-0.85156,165.415
78,-21.0126,-0.847608,165.988
79,-21.0281,-0.843812,166.561
80,-21.0437,-0.840171,167.134
81,-21.0593,-0.836687,167.707
82,-21.075,-0.833358,168.28
83,-21.0907,-0.830186,168.853
84,-21.1064,-0.827172,169.426
85,-21.1221,-0.824314,169.999
86,-21.1379,-0.821614,170.572
87,-21.1537,-0.819072,171.145
88,-21.1695,-0.816688,171.718
89,-21.1854,-0.814463,172.29
90,-21.2012,-0.812395,172.863
91,-21.2171,-0.810487,173.436
92,-21.233,-0.808738,174.009
93,-21.2489,-0.807147,174.582
94,-21.2649,-0.805716,175.155
95,-21.2808,-0.804445,175.728
96,-21.2968,-0.803333,176.301
97,-21.3128,-0.802381,176.874
98,-21.3287,-0.801588,177.447
99,-21.3447,-0.800955,178.02
100,-21.3607,-0.800482,178.593
101,-21.3767,-0.80017,179.166
102,-21.4,-0.8,-180
103,-21.4,-0.8,-180
104,-21.416,-0.79992,179.427
105,-21.432,-0.79968,178.854
106,-21.448,-0.79928,178.281
107,-21.464,-0.79872,177.708
108,-21.48,-0.798,177.135
109,-21.4959,-0.797121,176.562
110,-21.5119,-0.796082,175.989
111,-21.5279,-0.794883,175.416
112,-21.5438,-0.793524,174.843
113,-21.5597,-0.792007,174.27
114,-21.5756,-0.79033,173.697
115,-21.5915,-0.788494,173.125
116,-21.6074,-0.786499,172.552
117,-21.6233,-0.784346,171.979
118,-21.6391,-0.782034,171.406
119,-21.6549,-0.779564,170.833
120,-21.6707,-0.776936,170.26
121,-21.6864,-0.77415,169.687
122,-21.7022,-0.771207,169.114
123,-21.7179,-0.768107,168.541
124,-21.7335,-0.764849,167.968
125,-21.7492,-0.761436,167.395
126,-21.7648,-0.757866,166.822
127,-21.7803,-0.754141,166.249
128,-21.7958,-0.75026,165.676
129,-21.8113,-0.746224,165.103
130,-21.8338,-0.740073,164.269
131,-21.8492,-0.735735,164.269
132,-21.8646,-0.731397,164.269
133,-21.88,-0.727059,164.269
134,-21.8954,-0.722721,164.269
135,-21.9108,-0.718383,164.269
136,-21.9262,-0.714045,164.269
137,-21.9416,-0.709707,164.269
138,-21.957,-0.705369,164.269
139,-21.9724,-0.701032,164.269
140,-21.9878,-0.696694,164.269
141,-22.0032,-0.692356,164.269
142,-22.0186,-0.688018,164.269
143,-22.034,-0.68368,164.269
144,-22.0494,-0.679342,164.269
145,-22.0648,-0.675004,164.269
146,-22.0802,-0.670666,164.269
147,-22.0956,-0.666328,164.269
148,-22.111,-0.66199,164.269
149,-22.1264,-0.657652,164.269
150,-22.1418,-0.653314,164.269
151,-22.1572,-0.648976,164.269
152,-22.1726,-0.644639,164.269
153,-22.188,-0.640301,164.269
154,-22.2034,-0.635963,164.269
155,-22.2188,-0.631625,164.269
156,-22.2342,-0.627287,164.269
157,-22.2496,-0.622949,164.269
158,-22.265,-0.618611,164.269
159,-22.2804,-0.614273,164.269
160,-22.2958,-0.609935,164.269
161,-22.3112,-0.605597,164.269
162,-22.3266,-0.601259,164.269
163,-22.342,-0.596921,164.269
164,-22.3574,-0.592583,164.269
165,-22.3728,-0.588246,164.269
166,-22.3882,-0.583908,164.269
167,-22.4036,-0.57957,164.269
168,-22.419,-0.575232,164.269
169,-22.4344,-0.570894,164.269
170,-22.4498,-0.566556,164.269
171,-22.4652,-0.562218,164.269
172,-22.4806,-0.55788,164.269
173,-22.496,-0.553542,164.269
174,-22.5114,-0.549204,164.269
175,-22.5268,-0.544866,164.269
176,-22.5422,-0.540528,164.269
177,-22.5576,-0.53619,164.269
178,-22.573,-0.531853,164.269
179,-22.5884,-0.527515,164.269
180,-22.6038,-0.523177,164.269
181,-22.6192,-0.518839,164.269
182,-22.6346,-0.514501,164.269
183,-22.65,-0.510163,164.269
184,-22.6654,-0.505825,164.269
185,-22.6808,-0.501487,164.269
186,-22.6962,-0.497149,164.269
187,-22.7116,-0.492811,164.269
188,-22.727,-0.488473,164.269
189,-22.7424,-0.484135,164.269
190,-22.7578,-0.479797,164.269
191,-22.7732,-0.47546,164.269
192,-22.7886,-0.471122,164.269
193,-22.804,-0.466784,164.269
194,-22.8215,-0.461866,164.269
195,-22.8369,-0.457451,163.696
196,-22.8522,-0.452882,163.123
197,-22.8675,-0.448161,162.55
198,-22.8827,-0.443287,161.977
199,-22.8979,-0.43826,161.404
200,-22.9131,-0.433082,160.831
201,-22.9282,-0.427753,160.258
202,-22.9432,-0.422274,159.685
203,-22.9582,-0.416644,159.112
204,-22.9731,-0.410865,158.539
205,-23,-0.4,157.5
206,-23,-0.4,157.5
207,-23.0148,-0.393951,158.073
208,-23.0297,-0.388051,158.646
209,-23.0446,-0.382299,159.219
210,-23.0596,-0.376697,159.792
211,-23.0746,-0.371245,160.365
212,-23.0897,-0.365944,160.938
213,-23.1049,-0.360795,161.511
214,-23.1201,-0.355796,162.084
215,-23.1353,-0.350951,162.657
216,-23.1506,-0.346258,163.23
217,-23.1785,-0.338134,164.269
218,-23.1939,-0.333797,164.269
219,-23.2093,-0.329459,164.269
220,-23.2247,-0.325121,164.269
221,-23.2401,-0.320783,164.269
222,-23.2555,-0.316445,164.269
223,-23.2709,-0.312107,164.269
224,-23.2863,-0.307769,164.269
225,-23.3017,-0.303431,164.269
226,-23.3171,-0.299093,164.269
227,-23.3325,-0.294755,164.269
228,-23.3479,-0.290417,164.269
229,-23.3633,-0.286079,164.269
230,-23.3787,-0.281741,164.269
231,-23.3941,-0.277404,164.269
232,-23.4095,-0.273066,164.269
233,-23.4249,-0.268728,164.269
234,-23.4403,-0.26439,164.269
235,-23.4557,-0.260052,164.269
236,-23.4711,-0.255714,164.269
237,-23.4865,-0.251376,164.269
238,-23.5019,-0.247038,164.269
239,-23.5173,-0.2427,164.269
240,-23.5327,-0.238362,164.269
241,-23.5481,-0.234024,164.269
242,-23.5635,-0.229686,164.269
243,-23.5789,-0.225348,164.269
244,-23.5943,-0.221011,164.269
245,-23.6097,-0.216673,164.269
246,-23.6251,-0.212335,164.269
247,-23.6405,-0.207997,164.269
248,-23.6559,-0.203659,164.269
249,-23.6713,-0.199321,164.269
250,-23.6867,-0.194983,164.269
251,-23.7021,-0.190645,164.269
252,-23.7175,-0.186307,164.269
253,-23.7329,-0.181969,164.269
254,-23.7483,-0.177631,164.269
255,-23.7637,-0.173293,164.269
256,-23.7791,-0.168955,164.269
257,-23.7945,-0.164618,164.269
258,-23.8099,-0.16028,164.269
259,-23.8253,-0.155942,164.269
260,-23.8407,-0.151604,164.269
261,-23.8561,-0.147266,164.269
262,-23.8715,-0.142928,164.269
263,-23.8869,-0.13859,164.269
264,-23.9023,-0.134252,164.269
265,-23.9177,-0.129914,164.269
266,-23.9331,-0.125576,164.269
267,-23.9485,-0.121238,164.269
268,-23.9639,-0.1169,164.269
269,-23.9793,-0.112562,164.269
270,-23.9947,-0.108225,164.269
271,-24.0101,-0.103887,164.269
272,-24.0255,-0.0995487,164.269
273,-24.0409,-0.0952108,164.269
274,-24.0563,-0.0908729,164.269
275,-24.0717,-0.0865349,164.269
276,-24.0871,-0.082197,164.269
277,-24.1025,-0.0778591,164.269
278,-24.1179,-0.0735212,164.269
279,-24.1333,-0.0691832,164.269
280,-24.1487,-0.0648453,164.269
281,-24.1662,-0.0599272,164.269
282,-24.1816,-0.0556663,164.842
283,-24.1971,-0.0515599,165.415
284,-24.2126,-0.0476083,165.988
285,-24.2281,-0.043812,166.561
286,-24.2437,-0.0401713,167.134
287,-24.2593,-0.0366866,167.707
288,-24.275,-0.0333582,168.28
289,-24.2907,-0.0301864,168.853
290,-24.3064,-0.0271716,169.426
291,-24.3221,-0.0243142,169.999
292,-24.3379,-0.0216143,170.572
293,-24.3537,-0.0190722,171.145
294,-24.3695,-0.0166882,171.718
295,-24.3854,-0.0144625,172.29
296,-24.4012,-0.0123954,172.863
297,-24.4171,-0.0104871,173.436
298,-24.433,-0.0087377,174.009
299,-24.4489,-0.00714743,174.582
300,-24.4649,-0.00571645,175.155
301,-24.4808,-0.00444489,175.728
302,-24.4968,-0.00333288,176.301
303,-24.5128,-0.00238055,176.874
304,-24.5287,-0.00158797,177.447
305,-24.5447,-0.000955231,178.02
306,-24.5607,-0.000482396,178.593
307,-24.5767,-0.000169512,179.166
308,-24.6,-5.55112e-17,-180
309,-24.6,0,-180
310,-24.616,7.99993e-05,179.427
311,-24.632,0.000319989,178.854
312,-24.648,0.000719946,178.281
313,-24.664,0.00127983,177.708
314,-24.68,0.00199958,177.135
315,-24.6959,0.00287914,176.562
316,-24.7119,0.0039184,175.989
317,-24.7279,0.00511727,175.416
318,-24.7438,0.00647563,174.843
319,-24.7597,0.00799334,174.27
320,-24.7756,0.00967024,173.697
321,-24.7915,0.0115062,173.125
322,-24.8074,0.013501,172.552
323,-24.8233,0.0156544,171.979
324,-24.8391,0.0179663,171.406
325,-24.8549,0.0204363,170.833
326,-24.8707,0.0230644,170.26
327,-24.8864,0.0258501,169.687
328,-24.9022,0.0287932,169.114
329,-24.9179,0.0318935,168.541
330,-24.9335,0.0351505,167.968
331,-24.9492,0.0385641,167.395
332,-24.9648,0.0421338,166.822
333,-24.9803,0.0458592,166.249
334,-24.9958,0.0497401,165.676
335,-25.0113,0.053776,165.103
336,-25.0338,0.0599272,164.269
337,-25.0492,0.0642651,164.269
338,-25.0646,0.068603,164.269
339,-25.08,0.0729409,164.269
340,-25.0954,0.0772789,164.269
341,-25.1108,0.0816168,164.269
342,-25.1262,0.0859547,164.269
343,-25.1416,0.0902926,164.269
344,-25.157,0.0946306,164.269
345,-25.1724,0.0989685,164.269
346,-25.1878,0.103306,164.269
347,-25.2032,0.107644,164.269
348,-25.2186,0.111982,164.269
349,-25.234,0.11632,164.269
350,-25.2494,0.120658,164.269
351,-25.2648,0.124996,164.269
352,-25.2802,0.129334,164.269
353,-25.2956,0.133672,164.269
354,-25.311,0.13801,164.269
355,-25.3264,0.142348,164.269
356,-25.3418,0.146686,164.269
357,-25.3572,0.151024,164.269
358,-25.3726,0.155361,164.269
359,-25.388,0.159699,164.269
360,-25.4034,0.164037,164.269
361,-25.4188,0.168375,164.269
362,-25.4342,0.172713,164.269
363,-25.4496,0.177051,164.269
364,-25.465,0.181389,164.269
365,-25.4804,0.185727,164.269
366,-25.4958,0.190065,164.269
367,-25.5112,0.194403,164.269
368,-25.5266,0.198741,164.269
369,-25.542,0.203079,164.269
370,-25.5574,0.207417,164.269
371,-25.5728,0.211754,164.269
372,-25.5882,0.216092,164.269
373,-25.6036,0.22043,164.269
374,-25.619,0.224768,164.269
375,-25.6344,0.229106,164.269
376,-25.6498,0.233444,164.269
377,-25.6652,0.237782,164.269
378,-25.6806,0.24212,164.269
379,-25.696,0.246458,164.269
380,-25.7114,0.250796,164.269
381,-25.7268,0.255134,164.269
382,-25.7422,0.259472,164.269
383,-25.7576,0.26381,164.269
384,-25.773,0.268147,164.269
385,-25.7884,0.272485,164.269
386,-25.8038,0.276823,164.269
387,-25.8192,0.281161,164.269
388,-25.8346,0.285499,164.269
389,-25.85,0.289837,164.269
390,-25.8654,0.294175,164.269
391,-25.8808,0.298513,164.269
392,-25.8962,0.302851,164.269
393,-25.9116,0.307189,164.269
394,-25.927,0.311527,164.269
395,-25.9424,0.315865,164.269
396,-25.9578,0.320203,164.269
397,-25.9732,0.32454,164.269
398,-25.9886,0.328878,164.269
399,-26.004,0.333216,164.269
400,-26.0215,0.338134,164.269
401,-26.0369,0.342549,163.696
402,-26.0522,0.347118,163.123
403,-26.0675,0.351839,162.55
404,-26.0827,0.356713,161.977
405,-26.0979,0.36174,161.404
406,-26.1131,0.366918,160.831
407,-26.1282,0.372247,160.258
408,-26.1432,0.377726,159.685
409,-26.1582,0.383356,159.112
410,-26.1731,0.389135,158.539
411,-26.2,0.4,157.5
412,-26.2,0.4,157.5
413,-26.2182,0.407676,156.792
414,-26.2329,0.413981,156.792
415,-26.2476,0.420286,156.792
416,-26.2623,0.426591,156.792
417,-26.277,0.432897,156.792
418,-26.2917,0.439202,156.792
419,-26.3064,0.445507,156.792
420,-26.3212,0.451812,156.792
421,-26.3359,0.458117,156.792
422,-26.3506,0.464422,156.792
423,-26.3653,0.470727,156.792
424,-26.38,0.477032,156.792
425,-26.3947,0.483337,156.792
426,-26.4094,0.489642,156.792
427,-26.4241,0.495947,156.792
428,-26.4388,0.502252,156.792
429,-26.4535,0.508557,156.792
430,-26.4682,0.514862,156.792
431,-26.4829,0.521167,156.792
432,-26.4976,0.527473,156.792
433,-26.5123,0.533778,156.792
434,-26.527,0.540083,156.792
435,-26.5417,0.546388,156.792
436,-26.5564,0.552693,156.792
437,-26.5711,0.558998,156.792
438,-26.5858,0.565303,156.792
439,-26.6006,0.571608,156.792
440,-26.6153,0.577913,156.792
441,-26.63,0.584218,156.792
442,-26.6447,0.590523,156.792
443,-26.6594,0.596828,156.792
444,-26.6741,0.603133,156.792
445,-26.6888,0.609438,156.792
446,-26.7035,0.615743,156.792
447,-26.7182,0.622048,156.792
448,-26.7329,0.628354,156.792
449,-26.7476,0.634659,156.792
450,-26.7623,0.640964,156.792
451,-26.777,0.647269,156.792
452,-26.7917,0.653574,156.792
453,-26.8064,0.659879,156.792
454,-26.8211,0.666184,156.792
455,-26.8358,0.672489,156.792
456,-26.8505,0.678794,156.792
457,-26.8652,0.685099,156.792
458,-26.88,0.691404,156.792
459,-26.8947,0.697709,156.792
460,-26.9094,0.704014,156.792
461,-26.9241,0.710319,156.792
462,-26.9388,0.716624,156.792
463,-26.9535,0.72293,156.792
464,-26.9682,0.729235,156.792
465,-26.9829,0.73554,156.792
466,-26.9976,0.741845,156.792
467,-27.0123,0.74815,156.792
468,-27.027,0.754455,156.792
469,-27.0417,0.76076,156.792
470,-27.0564,0.767065,156.792
471,-27.0711,0.77337,156.792
472,-27.0858,0.779675,156.792
473,-27.1005,0.78598,156.792
474,-27.1152,0.792285,156.792
475,-27.1299,0.79859,156.792
476,-27.1446,0.804895,156.792
477,-27.1594,0.8112,156.792
478,-27.1741,0.817506,156.792
479,-27.1888,0.823811,156.792
480,-27.2035,0.830116,156.792
481,-27.2182,0.836421,156.792
482,-27.2329,0.842726,156.792
483,-27.2476,0.849031,156.792
484,-27.2623,0.855336,156.792
485,-27.277,0.861641,156.792
486,-27.2917,0.867946,156.792
487,-27.3064,0.874251,156.792
488,-27.3211,0.880556,156.792
489,-27.3358,0.886861,156.792
490,-27.3505,0.893166,156.792
491,-27.3652,0.899471,156.792
492,-27.3799,0.905776,156.792
493,-27.3946,0.912082,156.792
494,-27.4093,0.918387,156.792
495,-27.424,0.924692,156.792
496,-27.4388,0.930997,156.792
497,-27.4535,0.937302,156.792
498,-27.4682,0.943607,156.792
499,-27.4829,0.949912,156.792
500,-27.4976,0.956217,156.792
501,-27.5123,0.962522,156.792
502,-27.527,0.968827,156.792
503,-27.5417,0.975132,156.792
504,-27.5564,0.981437,156.792
505,-27.5818,0.992324,156.792
506,-27.6,1,157.5
507,-27.6,1,157.5
508,-27.6092,1.00383,157.5
509,-27.6185,1.00765,157.5
510,-27.6277,1.01148,157.5
511,-27.637,1.01531,157.5
512,-27.6462,1.01913,157.5
513,-27.6554,1.02296,157.5
514,-27.6647,1.02679,157.5
515,-27.6739,1.03061,157.5
516,-27.6831,1.03444,157.5
517,-27.6924,1.03827,157.5
518,-27.7016,1.0421,157.5
519,-27.7109,1.04592,157.5
520,-27.7201,1.04975,157.5
521,-27.7293,1.05358,157.5
522,-27.7386,1.0574,157.5
523,-27.7478,1.06123,157.5
524,-27.7571,1.06506,157.5
525,-27.7663,1.06888,157.5
526,-27.7755,1.07271,157.5
527,-27.7848,1.07654,157.5
528,-27.794,1.08036,157.5
529,-27.8033,1.08419,157.5
530,-27.8125,1.08802,157.5
531,-27.8217,1.09184,157.5
532,-27.831,1.09567,157.5
533,-27.8402,1.0995,157.5
534,-27.8494,1.10332,157.5
535,-27.8587,1.10715,157.5
536,-27.8679,1.11098,157.5
537,-27.8772,1.11481,157.5
538,-27.8864,1.11863,157.5
539,-27.8956,1.12246,157.5
540,-27.9049,1.12629,157.5
541,-27.9141,1.13011,157.5
542,-27.9234,1.13394,157.5
543,-27.9326,1.13777,157.5
544,-27.9418,1.14159,157.5
545,-27.9511,1.14542,157.5
546,-27.9603,1.14925,157.5
547,-27.9696,1.15307,157.5
548,-27.9788,1.1569,157.5
549,-27.988,1.16073,157.5
550,-27.9973,1.16455,157.5
551,-28.0065,1.16838,157.5
552,-28.0157,1.17221,157.5
553,-28.025,1.17603,157.5
554,-28.0342,1.17986,157.5
555,-28.0435,1.18369,157.5
556,-28.0527,1.18751,157.5
557,-28.0619,1.19134,157.5
558,-28.0712,1.19517,157.5
559,-28.0804,1.199,157.5
560,-28.0897,1.20282,157.5
561,-28.0989,1.20665,157.5
562,-28.1081,1.21048,157.5
563,-28.1174,1.2143,157.5
564,-28.1266,1.21813,157.5
565,-28.1359,1.22196,157.5
566,-28.1451,1.22578,157.5
567,-28.1543,1.22961,157.5
568,-28.1636,1.23344,157.5
569,-28.1728,1.23726,157.5
570,-28.182,1.24109,157.5
571,-28.1913,1.24492,157.5
572,-28.2005,1.24874,157.5
573,-28.2098,1.25257,157.5
574,-28.219,1.2564,157.5
575,-28.2282,1.26022,157.5
576,-28.2375,1.26405,157.5
577,-28.2467,1.26788,157.5
578,-28.256,1.27171,157.5
579,-28.2652,1.27553,157.5
580,-28.2744,1.27936,157.5
581,-28.2837,1.28319,157.5
582,-28.2929,1.28701,157.5
583,-28.3021,1.29084,157.5
584,-28.3114,1.29467,157.5
585,-28.3206,1.29849,157.5
586,-28.3299,1.30232,157.5
587,-28.3391,1.30615,157.5
588,-28.3483,1.30997,157.5
589,-28.3576,1.3138,157.5
590,-28.3668,1.31763,157.5
591,-28.3761,1.32145,157.5
592,-28.3853,1.32528,157.5
593,-28.3945,1.32911,157.5
594,-28.4038,1.33293,157.5
595,-28.413,1.33676,157.5
596,-28.4223,1.34059,157.5
597,-28.4315,1.34442,157.5
598,-28.4407,1.34824,157.5
599,-28.45,1.35207,157.5
600,-28.4592,1.3559,157.5
601,-28.4684,1.35972,157.5
602,-28.4777,1.36355,157.5
603,-28.4869,1.36738,157.5
604,-28.4962,1.3712,157.5
605,-28.5054,1.37503,157.5
606,-28.5146,1.37886,157.5
607,-28.5239,1.38268,157.5
608,-28.5331,1.38651,157.5
609,-28.5424,1.39034,157.5
610,-28.5516,1.39416,157.5
611,-28.5608,1.39799,157.5
612,-28.5701,1.40182,157.5
613,-28.5793,1.40564,157.5
614,-28.5886,1.40947,157.5
615,-28.5978,1.4133,157.5
616,-28.607,1.41712,157.5
617,-28.6163,1.42095,157.5
618,-28.6255,1.42478,157.5
619,-28.6347,1.42861,157.5
620,-28.644,1.43243,157.5
621,-28.6532,1.43626,157.5
622,-28.6625,1.44009,157.5
623,-28.6717,1.44391,157.5
624,-28.6809,1.44774,157.5
625,-28.6902,1.45157,157.5
626,-28.6994,1.45539,157.5
627,-28.7087,1.45922,157.5
628,-28.7179,1.46305,157.5
629,-28.7271,1.46687,157.5
630,-28.7364,1.4707,157.5
631,-28.7456,1.47453,157.5
632,-28.7548,1.47835,157.5
633,-28.7641,1.48218,157.5
634,-28.7733,1.48601,157.5
635,-28.7826,1.48983,157.5
636,-28.7918,1.49366,157.5
637,-28.801,1.49749,157.5
638,-28.8103,1.50132,157.5
639,-28.8195,1.50514,157.5
640,-28.8288,1.50897,157.5
641,-28.838,1.5128,157.5
642,-28.8472,1.51662,157.5
643,-28.8565,1.52045,157.5
644,-28.8657,1.52428,157.5
645,-28.875,1.5281,157.5
646,-28.8842,1.53193,157.5
647,-28.8934,1.53576,157.5
648,-28.9027,1.53958,157.5
649,-28.9119,1.54341,157.5
650,-28.9211,1.54724,157.5
651,-28.9304,1.55106,157.5
652,-28.9396,1.55489,157.5
653,-28.9489,1.55872,157.5
654,-28.9581,1.56254,157.5
655,-28.9673,1.56637,157.5
656,-28.9766,1.5702,157.5
657,-28.9858,1.57403,157.5
658,-28.9951,1.57785,157.5
659,-29.0043,1.58168,157.5
660,-29.0135,1.58551,157.5
661,-29.0228,1.58933,157.5
662,-29.032,1.59316,157.5
663,-29.0413,1.59699,157.5
664,-29.0505,1.60081,157.5
665,-29.0597,1.60464,157.5
666,-29.069,1.60847,157.5
667,-29.0782,1.61229,157.5
668,-29.0874,1.61612,157.5
669,-29.0967,1.61995,157.5
670,-29.1059,1.62377,157.5
671,-29.1152,1.6276,157.5
672,-29.1244,1.63143,157.5
673,-29.1336,1.63525,157.5
674,-29.1429,1.63908,157.5
675,-29.1521,1.64291,157.5
676,-29.1614,1.64674,157.5
677,-29.1706,1.65056,157.5
678,-29.1798,1.65439,157.5
679,-29.1891,1.65822,157.5
680,-29.1983,1.66204,157.5
681,-29.2076,1.66587,157.5
682,-29.2168,1.6697,157.5
683,-29.226,1.67352,157.5
684,-29.2353,1.67735,157.5
685,-29.2445,1.68118,157.5
686,-29.2537,1.685,157.5
687,-29.263,1.68883,157.5
688,-29.2722,1.69266,157.5
689,-29.2815,1.69648,157.5
690,-29.2907,1.70031,157.5
691,-29.2999,1.70414,157.5
692,-29.3092,1.70796,157.5
693,-29.3184,1.71179,157.5
694,-29.3277,1.71562,157.5
695,-29.3369,1.71944,157.5
696,-29.3461,1.72327,157.5
697,-29.3554,1.7271,157.5
698,-29.3646,1.73093,157.5
699,-29.3738,1.73475,157.5
700,-29.3831,1.73858,157.5
701,-29.3923,1.74241,157.5
702,-29.4016,1.74623,157.5
703,-29.4108,1.75006,157.5
704,-29.42,1.75389,157.5
705,-29.4293,1.75771,157.5
706,-29.4385,1.76154,157.5
707,-29.4478,1.76537,157.5
708,-29.457,1.76919,157.5
709,-29.4662,1.77302,157.5
710,-29.4755,1.77685,157.5
711,-29.4847,1.78067,157.5
712,-29.494,1.7845,157.5
713,-29.5032,1.78833,157.5
714,-29.5124,1.79215,157.5
715,-29.5217,1.79598,157.5
716,-29.5309,1.79981,157.5
717,-29.5401,1.80364,157.5
718,-29.5494,1.80746,157.5
719,-29.5586,1.81129,157.5
720,-29.5679,1.81512,157.5
721,-29.5771,1.81894,157.5
722,-29.5863,1.82277,157.5
723,-29.5956,1.8266,157.5
724,-29.6048,1.83042,157.5
725,-29.6141,1.83425,157.5
726,-29.6233,1.83808,157.5
727,-29.6325,1.8419,157.5
728,-29.6418,1.84573,157.5
729,-29.651,1.84956,157.5
730,-29.6603,1.85338,157.5
731,-29.6695,1.85721,157.5
732,-29.6787,1.86104,157.5
733,-29.688,1.86486,157.5
734,-29.6972,1.86869,157.5
735,-29.7064,1.87252,157.5
736,-29.7157,1.87635,157.5
737,-29.7249,1.88017,157.5
738,-29.7342,1.884,157.5
739,-29.7434,1.88783,157.5
740,-29.7526,1.89165,157.5
741,-29.7619,1.89548,157.5
742,-29.7711,1.89931,157.5
743,-29.7804,1.90313,157.5
744,-29.7896,1.90696,157.5
745,-29.7988,1.91079,157.5
746,-29.8081,1.91461,157.5
747,-29.8173,1.91844,157.5
748,-29.8265,1.92227,157.5
749,-29.8358,1.92609,157.5
750,-29.845,1.92992,157.5
751,-29.8543,1.93375,157.5
752,-29.8635,1.93757,157.5
753,-29.8727,1.9414,157.5
754,-29.882,1.94523,157.5
755,-29.8912,1.94905,157.5
756,-29.9005,1.95288,157.5
757,-29.9097,1.95671,157.5
758,-29.9189,1.96054,157.5
759,-29.9282,1.96436,157.5
760,-29.9374,1.96819,157.5
761,-29.9467,1.97202,157.5
762,-29.9559,1.97584,157.5
763,-29.9651,1.97967,157.5
764,-29.9744,1.9835,157.5
765,-29.9836,1.98732,157.5
766,-29.9928,1.99115,157.5
767,-30.0021,1.99498,157.5
768,-30.0113,1.9988,157.5
769,-30.0206,2.00263,157.5
770,-30.0298,2.00646,157.5
771,-30.039,2.01028,157.5
772,-30.0483,2.01411,157.5
773,-30.0575,2.01794,157.5
774,-30.0668,2.02176,157.5
775,-30.076,2.02559,157.5
776,-30.0852,2.02942,157.5
777,-30.0945,2.03325,157.5
778,-30.1037,2.03707,157.5
779,-30.113,2.0409,157.5
780,-30.1222,2.04473,157.5
781,-30.1314,2.04855,157.5
782,-30.1407,2.05238,157.5
783,-30.1499,2.05621,157.5
784,-30.1591,2.06003,157.5
785,-30.1684,2.06386,157.5
786,-30.1776,2.06769,157.5
787,-30.1869,2.07151,157.5
788,-30.1961,2.07534,157.5
789,-30.2053,2.07917,157.5
790,-30.2146,2.08299,157.5
791,-30.2238,2.08682,157.5
792,-30.2331,2.09065,157.5
793,-30.2423,2.09447,157.5
794,-30.2515,2.0983,157.5
795,-30.2608,2.10213,157.5
796,-30.27,2.10596,157.5
797,-30.2793,2.10978,157.5
798,-30.2885,2.11361,157.5
799,-30.2977,2.11744,157.5
800,-30.307,2.12126,157.5
801,-30.3162,2.12509,157.5
802,-30.3254,2.12892,157.5
803,-30.3347,2.13274,157.5
804,-30.3439,2.13657,157.5
805,-30.3532,2.1404,157.5
806,-30.3624,2.14422,157.5
807,-30.3716,2.14805,157.5
808,-30.3809,2.15188,157.5
809,-30.3901,2.1557,157.5
810,-30.3994,2.15953,157.5
811,-30.4086,2.16336,157.5
812,-30.4178,2.16718,157.5
813,-30.4271,2.17101,157.5
814,-30.4363,2.17484,157.5
815,-30.4455,2.17866,157.5
816,-30.4548,2.18249,157.5
817,-30.464,2.18632,157.5
818,-30.4733,2.19015,157.5
819,-30.4825,2.19397,157.5
820,-30.4917,2.1978,157.5
821,-30.501,2.20163,157.5
822,-30.5102,2.20545,157.5
823,-30.5195,2.20928,157.5
824,-30.5287,2.21311,157.5
825,-30.5379,2.21693,157.5
826,-30.5472,2.22076,157.5
827,-30.6,2.2,157.5
828,-30.6148,2.2062,156.927
829,-30.6294,2.21254,156.354
830,-30.6441,2.21903,155.781
831,-30.6586,2.22567,155.208
832,-30.6731,2.23245,154.635
833,-30.6875,2.23938,154.062
834,-30.7019,2.24645,153.489
835,-30.7162,2.25366,152.916
836,-30.7304,2.26101,152.343
837,-30.7445,2.26851,151.77
838,-30.7586,2.27615,151.197
839,-30.7726,2.28393,150.625
840,-30.7865,2.29185,150.052
841,-30.8003,2.2999,149.479
842,-30.814,2.3081,148.906
843,-30.8277,2.31643,148.333
844,-30.8413,2.3249,147.76
845,-30.8548,2.3335,147.187
846,-30.8682,2.34224,146.614
847,-30.8815,2.35111,146.041
848,-30.8947,2.36011,145.468
849,-30.9078,2.36925,144.895
850,-30.9209,2.37852,144.322
851,-30.9338,2.38791,143.749
852,-30.9467,2.39744,143.176
853,-30.9594,2.40709,142.603
854,-30.9721,2.41687,142.03
855,-30.9847,2.42678,141.457
856,-30.9971,2.43681,140.884
857,-31.0095,2.44697,140.311
858,-31.0218,2.45725,139.738
859,-31.0339,2.46765,139.165
860,-31.046,2.47817,138.592
861,-31.0579,2.48881,138.019
862,-31.0698,2.49957,137.446
863,-31.0815,2.51045,136.874
864,-31.0931,2.52145,136.301
865,-31.1046,2.53256,135.728
866,-31.1191,2.54684,135
867,-31.1304,2.55815,135
868,-31.1417,2.56946,135
869,-31.153,2.58078,135
870,-31.1643,2.59209,135
871,-31.1756,2.6034,135
872,-31.187,2.61472,135
873,-31.1983,2.62603,135
874,-31.2096,2.63735,135
875,-31.2209,2.64866,135
876,-31.2322,2.65997,135
877,-31.2532,2.68092,135
878,-31.2644,2.69229,134.427
879,-31.2756,2.70377,133.854
880,-31.2866,2.71537,133.281
881,-31.2975,2.72707,132.708
882,-31.3083,2.73888,132.135
883,-31.319,2.7508,131.562
884,-31.3295,2.76282,130.989
885,-31.34,2.77495,130.416
886,-31.3503,2.78719,129.843
887,-31.3605,2.79952,129.27
888,-31.3705,2.81196,128.697
889,-31.3805,2.8245,128.125
890,-31.3903,2.83713,127.552
891,-31.4,2.84987,126.979
892,-31.4095,2.8627,126.406
893,-31.419,2.87562,125.833
894,-31.4283,2.88864,125.26
895,-31.4374,2.90175,124.687
896,-31.4465,2.91495,124.114
897,-31.4554,2.92824,123.541
898,-31.4642,2.94162,122.968
899,-31.4728,2.95509,122.395
900,-31.4813,2.96864,121.822
901,-31.4897,2.98228,121.249
902,-31.4979,2.996,120.676
903,-31.506,3.0098,120.103
904,-31.5139,3.02368,119.53
905,-31.5218,3.03764,118.957
906,-31.5294,3.05168,118.384
907,-31.537,3.0658,117.811
908,-31.5444,3.07999,117.238
909,-31.5516,3.09425,116.665
910,-31.5587,3.10858,116.092
911,-31.5657,3.12299,115.519
912,-31.5725,3.13746,114.946
913,-31.5792,3.152,114.374
914,-31.5857,3.16661,113.801
915,-31.5921,3.18128,113.228
916,-31.6,3.2,112.5
917,-31.6,3.2,112.5
918,-31.606,3.21481,111.927
919,-31.6119,3.22968,111.354
920,-31.6177,3.24462,110.781
921,-31.6233,3.2596,110.208
922,-31.6288,3.27464,109.635
923,-31.6341,3.28974,109.062
924,-31.6392,3.30489,108.489
925,-31.6442,3.32009,107.916
926,-31.649,3.33534,107.343
927,-31.6537,3.35063,106.77
928,-31.6583,3.36598,106.197
929,-31.6627,3.38136,105.625
930,-31.6669,3.39679,105.052
931,-31.671,3.41226,104.479
932,-31.6749,3.42778,103.906
933,-31.6787,3.44333,103.333
934,-31.6823,3.45891,102.76
935,-31.6857,3.47454,102.187
936,-31.689,3.49019,101.614
937,-31.6922,3.50588,101.041
938,-31.6952,3.5216,100.468
939,-31.698,3.53735,99.8949
940,-31.7007,3.55312,99.322
941,-31.7032,3.56892,98.749
942,-31.7055,3.58475,98.1761
943,-31.7077,3.6006,97.6031
944,-31.7098,3.61647,97.0301
945,-31.7116,3.63236,96.4572
946,-31.7134,3.64826,95.8842
947,-31.7149,3.66419,95.3113
948,-31.7163,3.68013,94.7383
949,-31.7176,3.69608,94.1654
950,-31.7186,3.71204,93.5924
951,-31.7196,3.72801,93.0194
952,-31.7203,3.744,92.4465
953,-31.7209,3.75998,91.8735
954,-31.7214,3.77598,91.3006
955,-31.7217,3.79198,90.7276
956,-31.7218,3.81229,90
957,-31.7218,3.82829,90
958,-31.7218,3.84429,90
959,-31.7218,3.86029,90
960,-31.7218,3.87629,90
961,-31.7218,3.89229,90
962,-31.7218,3.90829,90
963,-31.7218,3.92429,90
964,-31.7218,3.94029,90
965,-31.7218,3.95629,90
966,-31.7218,3.97229,90
967,-31.7218,3.98829,90
968,-31.7218,4.00429,90
969,-31.7218,4.02029,90
970,-31.7218,4.03629,90
971,-31.7218,4.05229,90
972,-31.7218,4.06829,90
973,-31.7218,4.08429,90
974,-31.7218,4.10029,90
975,-31.7218,4.11629,90
976,-31.7218,4.13229,90
977,-31.7218,4.14829,90
978,-31.7218,4.16429,90
979,-31.7218,4.18771,90
980,-31.7217,4.20371,89.427
981,-31.7215,4.2197,88.8541
982,-31.7211,4.2357,88.2811
983,-31.7205,4.25169,87.7082
984,-31.7198,4.26767,87.1352
985,-31.7189,4.28365,86.5623
986,-31.7179,4.29962,85.9893
987,-31.7167,4.31557,85.4163
988,-31.7153,4.33151,84.8434
989,-31.7138,4.34744,84.2704
990,-31.7121,4.36335,83.6975
991,-31.7103,4.37925,83.1245
992,-31.7083,4.39512,82.5515
993,-31.7061,4.41098,81.9786
994,-31.7038,4.42681,81.4056
995,-31.7014,4.44262,80.8327
996,-31.6987,4.4584,80.2597
997,-31.6959,4.47415,79.6868
998,-31.693,4.48988,79.1138
999,-31.6899,4.50558,78.5408
1000,-31.6866,4.52124,77.9679
1001,-31.6832,4.53687,77.3949
1002,-31.6797,4.55247,76.822
1003,-31.6759,4.56803,76.249
1004,-31.6721,4.58355,75.6761
1005,-31.668,4.59904,75.1031
1006,-31.6638,4.61448,74.5301
1007,-31.6595,4.62988,73.9572
1008,-31.655,4.64523,73.3842
1009,-31.6503,4.66054,72.8113
1010,-31.6455,4.6758,72.2383
1011,-31.6406,4.69101,71.6654
1012,-31.6355,4.70618,71.0924
1013,-31.6302,4.72129,70.5194
1014,-31.6248,4.73634,69.9465
1015,-31.6192,4.75135,69.3735
1016,-31.6135,4.76629,68.8006
1017,-31.6077,4.78118,68.2276
1018,-31.6,4.8,67.5
1019,-31.6,4.8,67.5
1020,-31.5923,4.81821,66.7922
1021,-31.586,4.83292,66.7922
1022,-31.5797,4.84762,66.7922
1023,-31.5734,4.86233,66.7922
1024,-31.5671,4.87703,66.7922
1025,-31.5608,4.89174,66.7922
1026,-31.5545,4.90644,66.7922
1027,-31.5482,4.92115,66.7922
1028,-31.5419,4.93586,66.7922
1029,-31.5356,4.95056,66.7922
1030,-31.5293,4.96527,66.7922
1031,-31.523,4.97997,66.7922
1032,-31.5167,4.99468,66.7922
1033,-31.5104,5.00938,66.7922
1034,-31.5041,5.02409,66.7922
1035,-31.4977,5.03879,66.7922
1036,-31.4914,5.0535,66.7922
1037,-31.4851,5.0682,66.7922
1038,-31.4788,5.08291,66.7922
1039,-31.4725,5.09761,66.7922
1040,-31.4662,5.11232,66.7922
1041,-31.4599,5.12702,66.7922
1042,-31.4536,5.14173,66.7922
1043,-31.4473,5.15644,66.7922
1044,-31.441,5.17114,66.7922
1045,-31.4347,5.18585,66.7922
1046,-31.4284,5.20055,66.7922
1047,-31.4221,5.21526,66.7922
1048,-31.4158,5.22996,66.7922
1049,-31.4095,5.24467,66.7922
1050,-31.4032,5.25937,66.7922
1051,-31.3969,5.27408,66.7922
1052,-31.3906,5.28878,66.7922
1053,-31.3843,5.30349,66.7922
1054,-31.378,5.31819,66.7922
1055,-31.3716,5.3329,66.7922
1056,-31.3653,5.3476,66.7922
1057,-31.359,5.36231,66.7922
1058,-31.3527,5.37701,66.7922
1059,-31.3464,5.39172,66.7922
1060,-31.3401,5.40643,66.7922
1061,-31.3338,5.42113,66.7922
1062,-31.3275,5.43584,66.7922
1063,-31.3212,5.45054,66.7922
1064,-31.3149,5.46525,66.7922
1065,-31.3086,5.47995,66.7922
1066,-31.3023,5.49466,66.7922
1067,-31.296,5.50936,66.7922
1068,-31.2897,5.52407,66.7922
1069,-31.2834,5.53877,66.7922
1070,-31.2771,5.55348,66.7922
1071,-31.2708,5.56818,66.7922
1072,-31.2645,5.58289,66.7922
1073,-31.2582,5.59759,66.7922
1074,-31.2519,5.6123,66.7922
1075,-31.2455,5.62701,66.7922
1076,-31.2392,5.64171,66.7922
1077,-31.2329,5.65642,66.7922
1078,-31.2266,5.67112,66.7922
1079,-31.2203,5.68583,66.7922
1080,-31.214,5.70053,66.7922
1081,-31.2077,5.71524,66.7922
1082,-31.2014,5.72994,66.7922
1083,-31.1951,5.74465,66.7922
1084,-31.1888,5.75935,66.7922
1085,-31.1825,5.77406,66.7922
1086,-31.1762,5.78876,66.7922
1087,-31.1699,5.80347,66.7922
1088,-31.1636,5.81817,66.7922
1089,-31.1573,5.83288,66.7922
1090,-31.151,5.84758,66.7922
1091,-31.1447,5.86229,66.7922
1092,-31.1384,5.877,66.7922
1093,-31.1321,5.8917,66.7922
1094,-31.1257,5.90641,66.7922
1095,-31.1194,5.92111,66.7922
1096,-31.1131,5.93582,66.7922
1097,-31.1068,5.95052,66.7922
1098,-31.1005,5.96523,66.7922
1099,-31.0942,5.97993,66.7922
1100,-31.0879,5.99464,66.7922
1101,-31.0816,6.00934,66.7922
1102,-31.0753,6.02405,66.7922
1103,-31.069,6.03875,66.7922
1104,-31.0627,6.05346,66.7922
1105,-31.0564,6.06816,66.7922
1106,-31.0501,6.08287,66.7922
1107,-31.0438,6.09758,66.7922
1108,-31.0375,6.11228,66.7922
1109,-31.0312,6.12699,66.7922
1110,-31.0249,6.14169,66.7922
1111,-31.0186,6.1564,66.7922
1112,-31.0077,6.18179,66.7922
1113,-31,6.2,67.5
1114,-31,6.2,67.5
1115,-30.994,6.21481,68.073
1116,-30.9881,6.22968,68.6459
1117,-30.9823,6.24462,69.2189
1118,-30.9767,6.2596,69.7918
1119,-30.9712,6.27464,70.3648
1120,-30.9659,6.28974,70.9377
1121,-30.9608,6.30489,71.5107
1122,-30.9558,6.32009,72.0837
1123,-30.951,6.33534,72.6566
1124,-30.9463,6.35063,73.2296
1125,-30.9381,6.3785,74.2691
1126,-30.9338,6.3939,74.2691
1127,-30.9295,6.4093,74.2691
1128,-30.9251,6.4247,74.2691
1129,-30.9208,6.4401,74.2691
1130,-30.9164,6.4555,74.2691
1131,-30.9121,6.47091,74.2691
1132,-30.9078,6.48631,74.2691
1133,-30.9034,6.50171,74.2691
1134,-30.8991,6.51711,74.2691
1135,-30.8948,6.53251,74.2691
1136,-30.8904,6.54791,74.2691
1137,-30.8861,6.56331,74.2691
1138,-30.8817,6.57871,74.2691
1139,-30.8774,6.59411,74.2691
1140,-30.8731,6.60951,74.2691
1141,-30.8687,6.62491,74.2691
1142,-30.8644,6.64031,74.2691
1143,-30.8601,6.65571,74.2691
1144,-30.8557,6.67112,74.2691
1145,-30.8514,6.68652,74.2691
1146,-30.847,6.70192,74.2691
1147,-30.8427,6.71732,74.2691
1148,-30.8384,6.73272,74.2691
1149,-30.834,6.74812,74.2691
1150,-30.8297,6.76352,74.2691
1151,-30.8253,6.77892,74.2691
1152,-30.821,6.79432,74.2691
1153,-30.8167,6.80972,74.2691
1154,-30.8123,6.82512,74.2691
1155,-30.808,6.84052,74.2691
1156,-30.8037,6.85592,74.2691
1157,-30.7993,6.87132,74.2691
1158,-30.795,6.88673,74.2691
1159,-30.7906,6.90213,74.2691
1160,-30.7863,6.91753,74.2691
1161,-30.782,6.93293,74.2691
1162,-30.7776,6.94833,74.2691
1163,-30.7733,6.96373,74.2691
1164,-30.769,6.97913,74.2691
1165,-30.7646,6.99453,74.2691
1166,-30.7603,7.00993,74.2691
1167,-30.7559,7.02533,74.2691
1168,-30.7516,7.04073,74.2691
1169,-30.7473,7.05613,74.2691
1170,-30.7429,7.07153,74.2691
1171,-30.7386,7.08693,74.2691
1172,-30.7343,7.10234,74.2691
1173,-30.7299,7.11774,74.2691
1174,-30.7256,7.13314,74.2691
1175,-30.7212,7.14854,74.2691
1176,-30.7169,7.16394,74.2691
1177,-30.7126,7.17934,74.2691
1178,-30.7082,7.19474,74.2691
1179,-30.7039,7.21014,74.2691
1180,-30.6995,7.22554,74.2691
1181,-30.6952,7.24094,74.2691
1182,-30.6909,7.25634,74.2691
1183,-30.6865,7.27174,74.2691
1184,-30.6822,7.28714,74.2691
1185,-30.6779,7.30254,74.2691
1186,-30.6735,7.31795,74.2691
1187,-30.6692,7.33335,74.2691
1188,-30.6648,7.34875,74.2691
1189,-30.6599,7.36621,74.2691
1190,-30.6557,7.38163,74.842
1191,-30.6516,7.39709,75.415
1192,-30.6476,7.4126,75.9879
1193,-30.6438,7.42814,76.5609
1194,-30.6402,7.44372,77.1339
1195,-30.6367,7.45934,77.7068
1196,-30.6334,7.47499,78.2798
1197,-30.6302,7.49067,78.8527
1198,-30.6272,7.50638,79.4257
1199,-30.6243,7.52213,79.9986
1200,-30.6216,7.5379,80.5716
1201,-30.6191,7.55369,81.1446
1202,-30.6167,7.56951,81.7175
1203,-30.6145,7.58536,82.2905
1204,-30.6124,7.60122,82.8634
1205,-30.6105,7.61711,83.4364
1206,-30.6087,7.63301,84.0093
1207,-30.6071,7.64893,84.5823
1208,-30.6057,7.66487,85.1553
1209,-30.6044,7.68082,85.7282
1210,-30.6033,7.69678,86.3012
1211,-30.6024,7.71275,86.8741
1212,-30.6016,7.72873,87.4471
1213,-30.601,7.74472,88.0201
1214,-30.6005,7.76071,88.593
1215,-30.6002,7.77671,89.166
1216,-30.6,7.8,90
1217,-30.6,7.8,90
1218,-30.5999,7.816,89.427
1219,-30.5997,7.832,88.8541
1220,-30.5993,7.84799,88.2811
1221,-30.5987,7.86398,87.7082
1222,-30.598,7.87997,87.1352
1223,-30.5971,7.89594,86.5623
1224,-30.5961,7.91191,85.9893
1225,-30.5949,7.92786,85.4163
1226,-30.5935,7.94381,84.8434
1227,-30.592,7.95973,84.2704
1228,-30.5903,7.97565,83.6975
1229,-30.5885,7.99154,83.1245
1230,-30.5865,8.00741,82.5515
1231,-30.5843,8.02327,81.9786
1232,-30.582,8.0391,81.4056
1233,-30.5796,8.05491,80.8327
1234,-30.5769,8.07069,80.2597
1235,-30.5741,8.08645,79.6868
1236,-30.5712,8.10217,79.1138
1237,-30.5681,8.11787,78.5408
1238,-30.5648,8.13354,77.9679
1239,-30.5614,8.14917,77.3949
1240,-30.5579,8.16476,76.822
1241,-30.5541,8.18032,76.249
1242,-30.5503,8.19585,75.6761
1243,-30.5462,8.21133,75.1031
1244,-30.5401,8.23379,74.2691
1245,-30.5357,8.24919,74.2691
1246,-30.5314,8.26459,74.2691
1247,-30.5271,8.27999,74.2691
1248,-30.5227,8.2954,74.2691
1249,-30.5184,8.3108,74.2691
1250,-30.514,8.3262,74.2691
1251,-30.5097,8.3416,74.2691
1252,-30.5054,8.357,74.2691
1253,-30.501,8.3724,74.2691
1254,-30.4967,8.3878,74.2691
1255,-30.4924,8.4032,74.2691
1256,-30.488,8.4186,74.2691
1257,-30.4837,8.434,74.2691
1258,-30.4793,8.4494,74.2691
1259,-30.475,8.4648,74.2691
1260,-30.4707,8.4802,74.2691
1261,-30.4663,8.4956,74.2691
1262,-30.462,8.51101,74.2691
1263,-30.4577,8.52641,74.2691
1264,-30.4533,8.54181,74.2691
1265,-30.449,8.55721,74.2691
1266,-30.4446,8.57261,74.2691
1267,-30.4403,8.58801,74.2691
1268,-30.436,8.60341,74.2691
1269,-30.4316,8.61881,74.2691
1270,-30.4273,8.63421,74.2691
1271,-30.4229,8.64961,74.2691
1272,-30.4186,8.66501,74.2691
1273,-30.4143,8.68041,74.2691
1274,-30.4099,8.69581,74.2691
1275,-30.4056,8.71121,74.2691
1276,-30.4013,8.72662,74.2691
1277,-30.3969,8.74202,74.2691
1278,-30.3926,8.75742,74.2691
1279,-30.3882,8.77282,74.2691
1280,-30.3839,8.78822,74.2691
1281,-30.3796,8.80362,74.2691
1282,-30.3752,8.81902,74.2691
1283,-30.3709,8.83442,74.2691
1284,-30.3666,8.84982,74.2691
1285,-30.3622,8.86522,74.2691
1286,-30.3579,8.88062,74.2691
1287,-30.3535,8.89602,74.2691
1288,-30.3492,8.91142,74.2691
1289,-30.3449,8.92683,74.2691
1290,-30.3405,8.94223,74.2691
1291,-30.3362,8.95763,74.2691
1292,-30.3319,8.97303,74.2691
1293,-30.3275,8.98843,74.2691
1294,-30.3232,9.00383,74.2691
1295,-30.3188,9.01923,74.2691
1296,-30.3145,9.03463,74.2691
1297,-30.3102,9.05003,74.2691
1298,-30.3058,9.06543,74.2691
1299,-30.3015,9.08083,74.2691
1300,-30.2971,9.09623,74.2691
1301,-30.2928,9.11163,74.2691
1302,-30.2885,9.12703,74.2691
1303,-30.2841,9.14244,74.2691
1304,-30.2798,9.15784,74.2691
1305,-30.2755,9.17324,74.2691
1306,-30.2711,9.18864,74.2691
1307,-30.2668,9.20404,74.2691
1308,-30.2619,9.2215,74.2691
1309,-30.2575,9.23688,73.6961
1310,-30.2529,9.25221,73.1232
1311,-30.2482,9.2675,72.5502
1312,-30.2433,9.28274,71.9772
1313,-30.2383,9.29793,71.4043
1314,-30.2331,9.31307,70.8313
1315,-30.2278,9.32815,70.2584
1316,-30.2223,9.34319,69.6854
1317,-30.2166,9.35816,69.1124
1318,-30.2109,9.37308,68.5395
1319,-30.2,9.4,67.5
1320,-30.2,9.4,67.5
1321,-30.1962,9.40924,67.5
1322,-30.1923,9.41848,67.5
1323,-30.1885,9.42772,67.5
1324,-30.1847,9.43696,67.5
1325,-30.1809,9.44619,67.5
1326,-30.177,9.45543,67.5
1327,-30.1732,9.46467,67.5
1328,-30.1694,9.47391,67.5
1329,-30.1656,9.48315,67.5
1330,-30.1617,9.49239,67.5
1331,-30.1579,9.50163,67.5
1332,-30.1541,9.51087,67.5
1333,-30.1503,9.5201,67.5
1334,-30.1464,9.52934,67.5
1335,-30.1426,9.53858,67.5
1336,-30.1388,9.54782,67.5
1337,-30.1349,9.55706,67.5
1338,-30.1311,9.5663,67.5
1339,-30.1273,9.57554,67.5
1340,-30.1235,9.58478,67.5
1341,-30.1196,9.59401,67.5
1342,-30.1158,9.60325,67.5
1343,-30.112,9.61249,67.5
1344,-30.1082,9.62173,67.5
1345,-30.1043,9.63097,67.5
1346,-30.1005,9.64021,67.5
1347,-30.0967,9.64945,67.5
1348,-30.0928,9.65869,67.5
1349,-30.089,9.66793,67.5
1350,-30.0852,9.67716,67.5
1351,-30.0814,9.6864,67.5
1352,-30.0775,9.69564,67.5
1353,-30.0737,9.70488,67.5
1354,-30.0699,9.71412,67.5
1355,-30.0661,9.72336,67.5
1356,-30.0622,9.7326,67.5
1357,-30.0584,9.74184,67.5
1358,-30.0546,9.75107,67.5
1359,-30.0508,9.76031,67.5
1360,-30.0469,9.76955,67.5
1361,-30.0431,9.77879,67.5
1362,-30.0393,9.78803,67.5
1363,-30.0354,9.79727,67.5
1364,-30.0316,9.80651,67.5
1365,-30.0278,9.81575,67.5
1366,-30.024,9.82498,67.5
1367,-30.0201,9.83422,67.5
1368,-30.0163,9.84346,67.5
1369,-30.0125,9.8527,67.5
1370,-30.0087,9.86194,67.5
1371,-30.0048,9.87118,67.5
1372,-30.001,9.88042,67.5
1373,-29.9972,9.88966,67.5
1374,-29.9934,9.89889,67.5
1375,-29.9895,9.90813,67.5
1376,-29.9857,9.91737,67.5
1377,-29.9819,9.92661,67.5
1378,-29.978,9.93585,67.5
1379,-29.9742,9.94509,67.5
1380,-29.9704,9.95433,67.5
1381,-29.9666,9.96357,67.5
1382,-29.9627,9.97281,67.5
1383,-29.9589,9.98204,67.5
1384,-29.9551,9.99128,67.5
1385,-29.9513,10.0005,67.5
1386,-29.9474,10.0098,67.5
1387,-29.9436,10.019,67.5
1388,-29.9398,10.0282,67.5
1389,-29.9359,10.0375,67.5
1390,-29.9321,10.0467,67.5
1391,-29.9283,10.056,67.5
1392,-29.9245,10.0652,67.5
1393,-29.9206,10.0744,67.5
1394,-29.9168,10.0837,67.5
1395,-29.913,10.0929,67.5
1396,-29.9092,10.1021,67.5
1397,-29.9053,10.1114,67.5
1398,-29.9015,10.1206,67.5
1399,-29.8977,10.1299,67.5
1400,-29.8939,10.1391,67.5
1401,-29.89,10.1483,67.5
1402,-29.8862,10.1576,67.5
1403,-29.8824,10.1668,67.5
1404,-29.8785,10.1761,67.5
1405,-29.8747,10.1853,67.5
1406,-29.8709,10.1945,67.5
1407,-29.8671,10.2038,67.5
1408,-29.8632,10.213,67.5
1409,-29.8594,10.2223,67.5
1410,-29.8556,10.2315,67.5
1411,-29.8518,10.2407,67.5
1412,-29.8479,10.25,67.5
1413,-29.8441,10.2592,67.5
1414,-29.8403,10.2684,67.5
1415,-29.8365,10.2777,67.5
1416,-29.8326,10.2869,67.5
1417,-29.8288,10.2962,67.5
1418,-29.825,10.3054,67.5
1419,-29.8211,10.3146,67.5
1420,-29.8173,10.3239,67.5
1421,-29.8135,10.3331,67.5
1422,-29.8097,10.3424,67.5
1423,-29.8058,10.3516,67.5
1424,-29.802,10.3608,67.5
1425,-29.7982,10.3701,67.5
1426,-29.7944,10.3793,67.5
1427,-29.7905,10.3886,67.5
1428,-29.7867,10.3978,67.5
1429,-29.7829,10.407,67.5
1430,-29.779,10.4163,67.5
1431,-29.7752,10.4255,67.5
1432,-29.7714,10.4347,67.5
1433,-29.7676,10.444,67.5
1434,-29.7637,10.4532,67.5
1435,-29.7599,10.4625,67.5
1436,-29.7561,10.4717,67.5
1437,-29.7523,10.4809,67.5
1438,-29.7484,10.4902,67.5
1439,-29.7446,10.4994,67.5
1440,-29.7408,10.5087,67.5
1441,-29.737,10.5179,67.5
1442,-29.7331,10.5271,67.5
1443,-29.7293,10.5364,67.5
1444,-29.7255,10.5456,67.5
1445,-29.7216,10.5548,67.5
1446,-29.7178,10.5641,67.5
1447,-29.714,10.5733,67.5
1448,-29.7102,10.5826,67.5
1449,-29.7063,10.5918,67.5
1450,-29.7025,10.601,67.5
1451,-29.6987,10.6103,67.5
1452,-29.6949,10.6195,67.5
1453,-29.691,10.6288,67.5
1454,-29.6872,10.638,67.5
1455,-29.6834,10.6472,67.5
1456,-29.6796,10.6565,67.5
1457,-29.6757,10.6657,67.5
1458,-29.6719,10.675,67.5
1459,-29.6681,10.6842,67.5
1460,-29.6642,10.6934,67.5
1461,-29.6604,10.7027,67.5
1462,-29.6566,10.7119,67.5
1463,-29.6528,10.7211,67.5
1464,-29.6489,10.7304,67.5
1465,-29.6451,10.7396,67.5
1466,-29.6413,10.7489,67.5
1467,-29.6375,10.7581,67.5
1468,-29.6336,10.7673,67.5
1469,-29.6298,10.7766,67.5
1470,-29.626,10.7858,67.5
1471,-29.6221,10.7951,67.5
1472,-29.6183,10.8043,67.5
1473,-29.6145,10.8135,67.5
1474,-29.6107,10.8228,67.5
1475,-29.6068,10.832,67.5
1476,-29.603,10.8413,67.5
1477,-29.5992,10.8505,67.5
1478,-29.5954,10.8597,67.5
1479,-29.5915,10.869,67.5
1480,-29.5877,10.8782,67.5
1481,-29.5839,10.8874,67.5
1482,-29.5801,10.8967,67.5
1483,-29.5762,10.9059,67.5
1484,-29.5724,10.9152,67.5
1485,-29.5686,10.9244,67.5
1486,-29.5647,10.9336,67.5
1487,-29.5609,10.9429,67.5
1488,-29.5571,10.9521,67.5
1489,-29.5533,10.9614,67.5
1490,-29.5494,10.9706,67.5
1491,-29.5456,10.9798,67.5
1492,-29.5418,10.9891,67.5
1493,-29.538,10.9983,67.5
1494,-29.5341,11.0076,67.5
1495,-29.5303,11.0168,67.5
1496,-29.5265,11.026,67.5
1497,-29.5227,11.0353,67.5
1498,-29.5188,11.0445,67.5
1499,-29.515,11.0537,67.5
1500,-29.5112,11.063,67.5
1501,-29.5073,11.0722,67.5
1502,-29.5035,11.0815,67.5
1503,-29.4997,11.0907,67.5
1504,-29.4959,11.0999,67.5
1505,-29.492,11.1092,67.5
1506,-29.4882,11.1184,67.5
1507,-29.4844,11.1277,67.5
1508,-29.4806,11.1369,67.5
1509,-29.4767,11.1461,67.5
1510,-29.4729,11.1554,67.5
1511,-29.4691,11.1646,67.5
1512,-29.4652,11.1738,67.5
1513,-29.4614,11.1831,67.5
1514,-29.4576,11.1923,67.5
1515,-29.4538,11.2016,67.5
1516,-29.4499,11.2108,67.5
1517,-29.4461,11.22,67.5
1518,-29.4423,11.2293,67.5
1519,-29.4385,11.2385,67.5
1520,-29.4346,11.2478,67.5
1521,-29.4308,11.257,67.5
1522,-29.427,11.2662,67.5
1523,-29.4232,11.2755,67.5
1524,-29.4193,11.2847,67.5
1525,-29.4155,11.294,67.5
1526,-29.4117,11.3032,67.5
1527,-29.4078,11.3124,67.5
1528,-29.404,11.3217,67.5
1529,-29.4002,11.3309,67.5
1530,-29.3964,11.3401,67.5
1531,-29.3925,11.3494,67.5
1532,-29.3887,11.3586,67.5
1533,-29.3849,11.3679,67.5
1534,-29.3811,11.3771,67.5
1535,-29.3772,11.3863,67.5
1536,-29.3734,11.3956,67.5
1537,-29.3696,11.4048,67.5
1538,-29.3658,11.4141,67.5
1539,-29.3619,11.4233,67.5
1540,-29.3581,11.4325,67.5
1541,-29.3543,11.4418,67.5
1542,-29.3504,11.451,67.5
1543,-29.3466,11.4603,67.5
1544,-29.3428,11.4695,67.5
1545,-29.339,11.4787,67.5
1546,-29.3351,11.488,67.5
1547,-29.3313,11.4972,67.5
1548,-29.3275,11.5064,67.5
1549,-29.3237,11.5157,67.5
1550,-29.3198,11.5249,67.5
1551,-29.316,11.5342,67.5
1552,-29.3122,11.5434,67.5
1553,-29.3083,11.5526,67.5
1554,-29.3045,11.5619,67.5
1555,-29.3007,11.5711,67.5
1556,-29.2969,11.5804,67.5
1557,-29.293,11.5896,67.5
1558,-29.2892,11.5988,67.5
1559,-29.2854,11.6081,67.5
1560,-29.2816,11.6173,67.5
1561,-29.2777,11.6265,67.5
1562,-29.2739,11.6358,67.5
1563,-29.2701,11.645,67.5
1564,-29.2663,11.6543,67.5
1565,-29.2624,11.6635,67.5
1566,-29.2586,11.6727,67.5
1567,-29.2548,11.682,67.5
1568,-29.2509,11.6912,67.5
1569,-29.2471,11.7005,67.5
1570,-29.2433,11.7097,67.5
1571,-29.2395,11.7189,67.5
1572,-29.2356,11.7282,67.5
1573,-29.2318,11.7374,67.5
1574,-29.228,11.7467,67.5
1575,-29.2242,11.7559,67.5
1576,-29.2203,11.7651,67.5
1577,-29.2165,11.7744,67.5
1578,-29.2127,11.7836,67.5
1579,-29.2088,11.7928,67.5
1580,-29.205,11.8021,67.5
1581,-29.2012,11.8113,67.5
1582,-29.1974,11.8206,67.5
1583,-29.1935,11.8298,67.5
1584,-29.1897,11.839,67.5
1585,-29.1859,11.8483,67.5
1586,-29.1821,11.8575,67.5
1587,-29.1782,11.8668,67.5
1588,-29.1744,11.876,67.5
1589,-29.1706,11.8852,67.5
1590,-29.1668,11.8945,67.5
1591,-29.1629,11.9037,67.5
1592,-29.1591,11.913,67.5
1593,-29.1553,11.9222,67.5
1594,-29.1514,11.9314,67.5
1595,-29.1476,11.9407,67.5
1596,-29.1438,11.9499,67.5
1597,-29.14,11.9591,67.5
1598,-29.1361,11.9684,67.5
1599,-29.1323,11.9776,67.5
1600,-29.1285,11.9869,67.5
1601,-29.1247,11.9961,67.5
1602,-29.1208,12.0053,67.5
1603,-29.117,12.0146,67.5
1604,-29.1132,12.0238,67.5
1605,-29.1094,12.0331,67.5
1606,-29.1055,12.0423,67.5
1607,-29.1017,12.0515,67.5
1608,-29.0979,12.0608,67.5
1609,-29.094,12.07,67.5
1610,-29.0902,12.0793,67.5
1611,-29.0864,12.0885,67.5
1612,-29.0826,12.0977,67.5
1613,-29.0787,12.107,67.5
1614,-29.0749,12.1162,67.5
1615,-29.0711,12.1254,67.5
1616,-29.0673,12.1347,67.5
1617,-29.0634,12.1439,67.5
1618,-29.0596,12.1532,67.5
1619,-29.0558,12.1624,67.5
1620,-29.0519,12.1716,67.5
1621,-29.0481,12.1809,67.5
1622,-29.0443,12.1901,67.5
1623,-29.0405,12.1994,67.5
1624,-29.0366,12.2086,67.5
1625,-29.0328,12.2178,67.5
1626,-29.029,12.2271,67.5
1627,-29.0252,12.2363,67.5
1628,-29.0213,12.2455,67.5
1629,-29.0175,12.2548,67.5
1630,-29.0137,12.264,67.5
1631,-29.0099,12.2733,67.5
1632,-29.006,12.2825,67.5
1633,-29.0022,12.2917,67.5
1634,-28.9984,12.301,67.5
1635,-28.9945,12.3102,67.5
1636,-28.9907,12.3195,67.5
1637,-28.9869,12.3287,67.5
1638,-28.9831,12.3379,67.5
1639,-28.9792,12.3472,67.5
1640,-29,12.4,67.5
1641,-28.9938,12.4148,66.927
1642,-28.9875,12.4294,66.3541
1643,-28.981,12.4441,65.7811
1644,-28.9743,12.4586,65.2082
1645,-28.9676,12.4731,64.6352
1646,-28.9606,12.4875,64.0623
1647,-28.9536,12.5019,63.4893
1648,-28.9446,12.5196,62.7778
1649,-28.9373,12.5338,62.7778
1650,-28.9299,12.5481,62.7778
1651,-28.9226,12.5623,62.7778
1652,-28.9153,12.5765,62.7778
1653,-28.908,12.5908,62.7778
1654,-28.9007,12.605,62.7778
1655,-28.8933,12.6192,62.7778
1656,-28.886,12.6334,62.7778
1657,-28.8787,12.6477,62.7778
1658,-28.8714,12.6619,62.7778
1659,-28.8641,12.6761,62.7778
1660,-28.8567,12.6903,62.7778
1661,-28.8494,12.7046,62.7778
1662,-28.8421,12.7188,62.7778
1663,-28.8348,12.733,62.7778
1664,-28.8275,12.7473,62.7778
1665,-28.8202,12.7615,62.7778
1666,-28.8128,12.7757,62.7778
1667,-28.8055,12.7899,62.7778
1668,-28.7982,12.8042,62.7778
1669,-28.7909,12.8184,62.7778
1670,-28.7836,12.8326,62.7778
1671,-28.7762,12.8469,62.7778
1672,-28.7689,12.8611,62.7778
1673,-28.7616,12.8753,62.7778
1674,-28.7543,12.8895,62.7778
1675,-28.747,12.9038,62.7778
1676,-28.7396,12.918,62.7778
1677,-28.7323,12.9322,62.7778
1678,-28.725,12.9464,62.7778
1679,-28.7177,12.9607,62.7778
1680,-28.7104,12.9749,62.7778
1681,-28.703,12.9891,62.7778
1682,-28.6957,13.0034,62.7778
1683,-28.6884,13.0176,62.7778
1684,-28.6811,13.0318,62.7778
1685,-28.6738,13.046,62.7778
1686,-28.6665,13.0603,62.7778
1687,-28.6591,13.0745,62.7778
1688,-28.6518,13.0887,62.7778
1689,-28.6445,13.103,62.7778
1690,-28.6372,13.1172,62.7778
1691,-28.6299,13.1314,62.7778
1692,-28.6225,13.1456,62.7778
1693,-28.6152,13.1599,62.7778
1694,-28.6079,13.1741,62.7778
1695,-28.6006,13.1883,62.7778
1696,-28.5933,13.2025,62.7778
1697,-28.5859,13.2168,62.7778
1698,-28.5786,13.231,62.7778
1699,-28.5713,13.2452,62.7778
1700,-28.564,13.2595,62.7778
1701,-28.5567,13.2737,62.7778
1702,-28.5493,13.2879,62.7778
1703,-28.542,13.3021,62.7778
1704,-28.5347,13.3164,62.7778
1705,-28.5274,13.3306,62.7778
1706,-28.5201,13.3448,62.7778
1707,-28.5128,13.3591,62.7778
1708,-28.5054,13.3733,62.7778
1709,-28.4914,13.4005,62.7778
1710,-28.484,13.4147,62.2049
1711,-28.4765,13.4288,61.6319
1712,-28.4688,13.4429,61.059
1713,-28.461,13.4568,60.486
1714,-28.4531,13.4707,59.913
1715,-28.445,13.4845,59.3401
1716,-28.4367,13.4983,58.7671
1717,-28.4284,13.5119,58.1942
1718,-28.4199,13.5255,57.6212
1719,-28.4112,13.5389,57.0483
1720,-28.4025,13.5523,56.4753
1721,-28.3936,13.5656,55.9023
1722,-28.3845,13.5788,55.3294
1723,-28.3754,13.5919,54.7564
1724,-28.3661,13.6049,54.1835
1725,-28.3566,13.6179,53.6105
1726,-28.3471,13.6307,53.0376
1727,-28.3374,13.6434,52.4646
1728,-28.3276,13.6561,51.8916
1729,-28.3176,13.6686,51.3187
1730,-28.3076,13.6811,50.7457
1731,-28.2974,13.6934,50.1728
1732,-28.2871,13.7056,49.5998
1733,-28.2767,13.7178,49.0268
1734,-28.2661,13.7298,48.4539
1735,-28.2554,13.7417,47.8809
1736,-28.2446,13.7535,47.308
1737,-28.2337,13.7652,46.735
1738,-28.2227,13.7768,46.1621
1739,-28.2116,13.7883,45.5891
1740,-28.2,13.8,45
1741,-28.2,13.8,45
1742,-28.1886,13.8113,44.427
1743,-28.1771,13.8224,43.8541
1744,-28.1656,13.8334,43.2811
1745,-28.1539,13.8443,42.7082
1746,-28.142,13.8551,42.1352
1747,-28.1301,13.8658,41.5623
1748,-28.1181,13.8764,40.9893
1749,-28.106,13.8868,40.4163
1750,-28.0937,13.8971,39.8434
1751,-28.0814,13.9073,39.2704
1752,-28.069,13.9174,38.6975
1753,-28.0564,13.9273,38.1245
1754,-28.0438,13.9371,37.5515
1755,-28.0311,13.9468,36.9786
1756,-28.0182,13.9564,36.4056
1757,-28.0053,13.9658,35.8327
1758,-27.9923,13.9751,35.2597
1759,-27.9792,13.9843,34.6868
1760,-27.966,13.9933,34.1138
1761,-27.9527,14.0022,33.5408
1762,-27.9393,14.011,32.9679
1763,-27.9258,14.0196,32.3949
1764,-27.9123,14.0281,31.822
1765,-27.8986,14.0365,31.249
1766,-27.8849,14.0447,30.6761
1767,-27.8711,14.0528,30.1031
1768,-27.8572,14.0608,29.5301
1769,-27.8433,14.0686,28.9572
1770,-27.8292,14.0763,28.3842
1771,-27.8151,14.0838,27.8113
1772,-27.8009,14.0912,27.2383
1773,-27.7867,14.0985,26.6654
1774,-27.7715,14.106,26.0606
1775,-27.7572,14.113,26.0606
1776,-27.7428,14.12,26.0606
1777,-27.7284,14.127,26.0606
1778,-27.714,14.1341,26.0606
1779,-27.6997,14.1411,26.0606
1780,-27.6853,14.1481,26.0606
1781,-27.6709,14.1552,26.0606
1782,-27.6566,14.1622,26.0606
1783,-27.6422,14.1692,26.0606
1784,-27.6278,14.1762,26.0606
1785,-27.6134,14.1833,26.0606
1786,-27.5991,14.1903,26.0606
1787,-27.5847,14.1973,26.0606
1788,-27.5703,14.2044,26.0606
1789,-27.5559,14.2114,26.0606
1790,-27.5416,14.2184,26.0606
1791,-27.5272,14.2255,26.0606
1792,-27.5029,14.2373,26.0606
1793,-27.4885,14.2443,25.4876
1794,-27.474,14.2511,24.9146
1795,-27.4595,14.2578,24.3417
1796,-27.4449,14.2643,23.7687
1797,-27.4302,14.2707,23.1958
1798,-27.4155,14.2769,22.6228
1799,-27.4007,14.283,22.0499
1800,-27.3858,14.2889,21.4769
1801,-27.3709,14.2947,20.9039
1802,-27.3559,14.3003,20.331
1803,-27.3409,14.3058,19.758
1804,-27.3258,14.3111,19.1851
1805,-27.3107,14.3163,18.6121
1806,-27.2955,14.3214,18.0392
1807,-27.2802,14.3262,17.4662
1808,-27.2649,14.331,16.8932
1809,-27.2496,14.3355,16.3203
1810,-27.2342,14.3399,15.7473
1811,-27.2188,14.3442,15.1744
1812,-27.2033,14.3483,14.6014
1813,-27.1878,14.3523,14.0284
1814,-27.1723,14.3561,13.4555
1815,-27.1567,14.3597,12.8825
1816,-27.1411,14.3632,12.3096
1817,-27.1255,14.3665,11.7366
1818,-27.1098,14.3697,11.1637
1819,-27.0941,14.3727,10.5907
1820,-27.0783,14.3756,10.0177
1821,-27.0626,14.3783,9.44478
1822,-27.0468,14.3809,8.87183
1823,-27.0309,14.3832,8.29887
1824,-27.0151,14.3855,7.72591
1825,-26.9992,14.3875,7.15295
1826,-26.9833,14.3895,6.58
1827,-26.9674,14.3912,6.00704
1828,-26.9515,14.3928,5.43408
1829,-26.9356,14.3942,4.86112
1830,-26.9196,14.3955,4.28816
1831,-26.9037,14.3966,3.71521
1832,-26.8877,14.3976,3.14225
1833,-26.8717,14.3984,2.56929
1834,-26.8557,14.399,1.99633
1835,-26.8397,14.3995,1.42338
1836,-26.8237,14.3998,0.850417
1837,-26.8,14.4,0
1838,-26.8,14.4,0
1839,-26.784,14.4001,0.572958
1840,-26.768,14.4003,1.14592
1841,-26.752,14.4007,1.71887
1842,-26.736,14.4013,2.29183
1843,-26.72,14.402,2.86479
1844,-26.7041,14.4029,3.43775
1845,-26.6881,14.4039,4.0107
1846,-26.6721,14.4051,4.58366
1847,-26.6562,14.4065,5.15662
1848,-26.6403,14.408,5.72958
1849,-26.6244,14.4097,6.30254
1850,-26.6085,14.4115,6.87549
1851,-26.5926,14.4135,7.44845
1852,-26.5767,14.4157,8.02141
1853,-26.5609,14.418,8.59437
1854,-26.5451,14.4204,9.16732
1855,-26.5293,14.4231,9.74028
1856,-26.5136,14.4259,10.3132
1857,-26.4978,14.4288,10.8862
1858,-26.4821,14.4319,11.4592
1859,-26.4665,14.4352,12.0321
1860,-26.4508,14.4386,12.6051
1861,-26.4352,14.4421,13.178
1862,-26.4197,14.4459,13.751
1863,-26.4042,14.4497,14.3239
1864,-26.3887,14.4538,14.8969
1865,-26.3662,14.4599,15.7309
1866,-26.3508,14.4643,15.7309
1867,-26.3354,14.4686,15.7309
1868,-26.32,14.4729,15.7309
1869,-26.3046,14.4773,15.7309
1870,-26.2892,14.4816,15.7309
1871,-26.2738,14.486,15.7309
1872,-26.2584,14.4903,15.7309
1873,-26.243,14.4946,15.7309
1874,-26.2276,14.499,15.7309
1875,-26.2122,14.5033,15.7309
1876,-26.1968,14.5076,15.7309
1877,-26.1814,14.512,15.7309
1878,-26.166,14.5163,15.7309
1879,-26.1506,14.5207,15.7309
1880,-26.1352,14.525,15.7309
1881,-26.1198,14.5293,15.7309
1882,-26.1044,14.5337,15.7309
1883,-26.089,14.538,15.7309
1884,-26.0736,14.5423,15.7309
1885,-26.0582,14.5467,15.7309
1886,-26.0428,14.551,15.7309
1887,-26.0274,14.5554,15.7309
1888,-26.012,14.5597,15.7309
1889,-25.9966,14.564,15.7309
1890,-25.9812,14.5684,15.7309
1891,-25.9658,14.5727,15.7309
1892,-25.9504,14.5771,15.7309
1893,-25.935,14.5814,15.7309
1894,-25.9196,14.5857,15.7309
1895,-25.9042,14.5901,15.7309
1896,-25.8888,14.5944,15.7309
1897,-25.8734,14.5987,15.7309
1898,-25.858,14.6031,15.7309
1899,-25.8426,14.6074,15.7309
1900,-25.8272,14.6118,15.7309
1901,-25.8118,14.6161,15.7309
1902,-25.7964,14.6204,15.7309
1903,-25.781,14.6248,15.7309
1904,-25.7656,14.6291,15.7309
1905,-25.7502,14.6334,15.7309
1906,-25.7348,14.6378,15.7309
1907,-25.7194,14.6421,15.7309
1908,-25.704,14.6465,15.7309
1909,-25.6886,14.6508,15.7309
1910,-25.6732,14.6551,15.7309
1911,-25.6578,14.6595,15.7309
1912,-25.6424,14.6638,15.7309
1913,-25.627,14.6681,15.7309
1914,-25.6116,14.6725,15.7309
1915,-25.5962,14.6768,15.7309
1916,-25.5808,14.6812,15.7309
1917,-25.5654,14.6855,15.7309
1918,-25.55,14.6898,15.7309
1919,-25.5346,14.6942,15.7309
1920,-25.5192,14.6985,15.7309
1921,-25.5038,14.7029,15.7309
1922,-25.4884,14.7072,15.7309
1923,-25.473,14.7115,15.7309
1924,-25.4576,14.7159,15.7309
1925,-25.4422,14.7202,15.7309
1926,-25.4268,14.7245,15.7309
1927,-25.4114,14.7289,15.7309
1928,-25.396,14.7332,15.7309
1929,-25.3785,14.7381,15.7309
1930,-25.3631,14.7425,16.3039
1931,-25.3478,14.7471,16.8768
1932,-25.3325,14.7518,17.4498
1933,-25.3173,14.7567,18.0228
1934,-25.3021,14.7617,18.5957
1935,-25.2869,14.7669,19.1687
1936,-25.2718,14.7722,19.7416
1937,-25.2568,14.7777,20.3146
1938,-25.2418,14.7834,20.8876
1939,-25.2269,14.7891,21.4605
1940,-25.2,14.8,22.5
1941,-25.2,14.8,22.5
1942,-25.1908,14.8038,22.5
1943,-25.1815,14.8077,22.5
1944,-25.1723,14.8115,22.5
1945,-25.163,14.8153,22.5
1946,-25.1538,14.8191,22.5
1947,-25.1446,14.823,22.5
1948,-25.1353,14.8268,22.5
1949,-25.1261,14.8306,22.5
1950,-25.1169,14.8344,22.5
1951,-25.1076,14.8383,22.5
1952,-25.0984,14.8421,22.5
1953,-25.0891,14.8459,22.5
1954,-25.0799,14.8497,22.5
1955,-25.0707,14.8536,22.5
1956,-25.0614,14.8574,22.5
1957,-25.0522,14.8612,22.5
1958,-25.0429,14.8651,22.5
1959,-25.0337,14.8689,22.5
1960,-25.0245,14.8727,22.5
1961,-25.0152,14.8765,22.5
1962,-25.006,14.8804,22.5
1963,-24.9967,14.8842,22.5
1964,-24.9875,14.888,22.5
1965,-24.9783,14.8918,22.5
1966,-24.969,14.8957,22.5
1967,-24.9598,14.8995,22.5
1968,-24.9506,14.9033,22.5
1969,-24.9413,14.9072,22.5
1970,-24.9321,14.911,22.5
1971,-24.9228,14.9148,22.5
1972,-24.9136,14.9186,22.5
1973,-24.9044,14.9225,22.5
1974,-24.8951,14.9263,22.5
1975,-24.8859,14.9301,22.5
1976,-24.8766,14.9339,22.5
1977,-24.8674,14.9378,22.5
1978,-24.8582,14.9416,22.5
1979,-24.8489,14.9454,22.5
1980,-24.8397,14.9492,22.5
1981,-24.8304,14.9531,22.5
1982,-24.8212,14.9569,22.5
1983,-24.812,14.9607,22.5
1984,-24.8027,14.9646,22.5
1985,-24.7935,14.9684,22.5
1986,-24.7843,14.9722,22.5
1987,-24.775,14.976,22.5
1988,-24.7658,14.9799,22.5
1989,-24.7565,14.9837,22.5
1990,-24.7473,14.9875,22.5
1991,-24.7381,14.9913,22.5
1992,-24.7288,14.9952,22.5
1993,-24.7196,14.999,22.5
1994,-24.7103,15.0028,22.5
1995,-24.7011,15.0066,22.5
1996,-24.6919,15.0105,22.5
1997,-24.6826,15.0143,22.5
1998,-24.6734,15.0181,22.5
1999,-24.6641,15.022,22.5
2000,-24.6549,15.0258,22.5
2001,-24.6457,15.0296,22.5
2002,-24.6364,15.0334,22.5
2003,-24.6272,15.0373,22.5
2004,-24.618,15.0411,22.5
2005,-24.6087,15.0449,22.5
2006,-24.5995,15.0487,22.5
2007,-24.5902,15.0526,22.5
2008,-24.581,15.0564,22.5
2009,-24.5718,15.0602,22.5
2010,-24.5625,15.0641,22.5
2011,-24.5533,15.0679,22.5
2012,-24.544,15.0717,22.5
2013,-24.5348,15.0755,22.5
2014,-24.5256,15.0794,22.5
2015,-24.5163,15.0832,22.5
2016,-24.5071,15.087,22.5
2017,-24.4979,15.0908,22.5
2018,-24.4886,15.0947,22.5
2019,-24.4794,15.0985,22.5
2020,-24.4701,15.1023,22.5
2021,-24.4609,15.1061,22.5
2022,-24.4517,15.11,22.5
2023,-24.4424,15.1138,22.5
2024,-24.4332,15.1176,22.5
2025,-24.4239,15.1215,22.5
2026,-24.4147,15.1253,22.5
2027,-24.4055,15.1291,22.5
2028,-24.3962,15.1329,22.5
2029,-24.387,15.1368,22.5
2030,-24.3777,15.1406,22.5
2031,-24.3685,15.1444,22.5
2032,-24.3593,15.1482,22.5
2033,-24.35,15.1521,22.5
2034,-24.3408,15.1559,22.5
2035,-24.3316,15.1597,22.5
2036,-24.3223,15.1635,22.5
2037,-24.3131,15.1674,22.5
2038,-24.3038,15.1712,22.5
2039,-24.2946,15.175,22.5
2040,-24.2854,15.1789,22.5
2041,-24.2761,15.1827,22.5
2042,-24.2669,15.1865,22.5
2043,-24.2576,15.1903,22.5
2044,-24.2484,15.1942,22.5
2045,-24.2392,15.198,22.5
2046,-24.2299,15.2018,22.5
2047,-24.2207,15.2056,22.5
2048,-24.2114,15.2095,22.5
2049,-24.2022,15.2133,22.5
2050,-24.193,15.2171,22.5
2051,-24.1837,15.221,22.5
2052,-24.1745,15.2248,22.5
2053,-24.1653,15.2286,22.5
2054,-24.156,15.2324,22.5
2055,-24.1468,15.2363,22.5
2056,-24.1375,15.2401,22.5
2057,-24.1283,15.2439,22.5
2058,-24.1191,15.2477,22.5
2059,-24.1098,15.2516,22.5
2060,-24.1006,15.2554,22.5
2061,-24.0913,15.2592,22.5
2062,-24.0821,15.263,22.5
2063,-24.0729,15.2669,22.5
2064,-24.0636,15.2707,22.5
2065,-24.0544,15.2745,22.5
2066,-24.0452,15.2784,22.5
2067,-24.0359,15.2822,22.5
2068,-24.0267,15.286,22.5
2069,-24.0174,15.2898,22.5
2070,-24.0082,15.2937,22.5
2071,-23.999,15.2975,22.5
2072,-23.9897,15.3013,22.5
2073,-23.9805,15.3051,22.5
2074,-23.9712,15.309,22.5
2075,-23.962,15.3128,22.5
2076,-23.9528,15.3166,22.5
2077,-23.9435,15.3204,22.5
2078,-23.9343,15.3243,22.5
2079,-23.925,15.3281,22.5
2080,-23.9158,15.3319,22.5
2081,-23.9066,15.3358,22.5
2082,-23.8973,15.3396,22.5
2083,-23.8881,15.3434,22.5
2084,-23.8789,15.3472,22.5
2085,-23.8696,15.3511,22.5
2086,-23.8604,15.3549,22.5
2087,-23.8511,15.3587,22.5
2088,-23.8419,15.3625,22.5
2089,-23.8327,15.3664,22.5
2090,-23.8234,15.3702,22.5
2091,-23.8142,15.374,22.5
2092,-23.8049,15.3779,22.5
2093,-23.7957,15.3817,22.5
2094,-23.7865,15.3855,22.5
2095,-23.7772,15.3893,22.5
2096,-23.768,15.3932,22.5
2097,-23.7587,15.397,22.5
2098,-23.7495,15.4008,22.5
2099,-23.7403,15.4046,22.5
2100,-23.731,15.4085,22.5
2101,-23.7218,15.4123,22.5
2102,-23.7126,15.4161,22.5
2103,-23.7033,15.4199,22.5
2104,-23.6941,15.4238,22.5
2105,-23.6848,15.4276,22.5
2106,-23.6756,15.4314,22.5
2107,-23.6664,15.4353,22.5
2108,-23.6571,15.4391,22.5
2109,-23.6479,15.4429,22.5
2110,-23.6386,15.4467,22.5
2111,-23.6294,15.4506,22.5
2112,-23.6202,15.4544,22.5
2113,-23.6109,15.4582,22.5
2114,-23.6017,15.462,22.5
2115,-23.5924,15.4659,22.5
2116,-23.5832,15.4697,22.5
2117,-23.574,15.4735,22.5
2118,-23.5647,15.4773,22.5
2119,-23.5555,15.4812,22.5
2120,-23.5463,15.485,22.5
2121,-23.537,15.4888,22.5
2122,-23.5278,15.4927,22.5
2123,-23.5185,15.4965,22.5
2124,-23.5093,15.5003,22.5
2125,-23.5001,15.5041,22.5
2126,-23.4908,15.508,22.5
2127,-23.4816,15.5118,22.5
2128,-23.4723,15.5156,22.5
2129,-23.4631,15.5194,22.5
2130,-23.4539,15.5233,22.5
2131,-23.4446,15.5271,22.5
2132,-23.4354,15.5309,22.5
2133,-23.4262,15.5348,22.5
2134,-23.4169,15.5386,22.5
2135,-23.4077,15.5424,22.5
2136,-23.3984,15.5462,22.5
2137,-23.3892,15.5501,22.5
2138,-23.38,15.5539,22.5
2139,-23.3707,15.5577,22.5
2140,-23.3615,15.5615,22.5
2141,-23.3522,15.5654,22.5
2142,-23.343,15.5692,22.5
2143,-23.3338,15.573,22.5
2144,-23.3245,15.5768,22.5
2145,-23.3153,15.5807,22.5
2146,-23.306,15.5845,22.5
2147,-23.2968,15.5883,22.5
2148,-23.2876,15.5922,22.5
2149,-23.2783,15.596,22.5
2150,-23.2691,15.5998,22.5
2151,-23.2599,15.6036,22.5
2152,-23.2506,15.6075,22.5
2153,-23.2414,15.6113,22.5
2154,-23.2321,15.6151,22.5
2155,-23.2229,15.6189,22.5
2156,-23.2137,15.6228,22.5
2157,-23.2044,15.6266,22.5
2158,-23.1952,15.6304,22.5
2159,-23.1859,15.6342,22.5
2160,-23.1767,15.6381,22.5
2161,-23.1675,15.6419,22.5
2162,-23.1582,15.6457,22.5
2163,-23.149,15.6496,22.5
2164,-23.1397,15.6534,22.5
2165,-23.1305,15.6572,22.5
2166,-23.1213,15.661,22.5
2167,-23.112,15.6649,22.5
2168,-23.1028,15.6687,22.5
2169,-23.0936,15.6725,22.5
2170,-23.0843,15.6763,22.5
2171,-23.0751,15.6802,22.5
2172,-23.0658,15.684,22.5
2173,-23.0566,15.6878,22.5
2174,-23.0474,15.6917,22.5
2175,-23.0381,15.6955,22.5
2176,-23.0289,15.6993,22.5
2177,-23.0196,15.7031,22.5
2178,-23.0104,15.707,22.5
2179,-23.0012,15.7108,22.5
2180,-22.9919,15.7146,22.5
2181,-22.9827,15.7184,22.5
2182,-22.9735,15.7223,22.5
2183,-22.9642,15.7261,22.5
2184,-22.955,15.7299,22.5
2185,-22.9457,15.7337,22.5
2186,-22.9365,15.7376,22.5
2187,-22.9273,15.7414,22.5
2188,-22.918,15.7452,22.5
2189,-22.9088,15.7491,22.5
2190,-22.8995,15.7529,22.5
2191,-22.8903,15.7567,22.5
2192,-22.8811,15.7605,22.5
2193,-22.8718,15.7644,22.5
2194,-22.8626,15.7682,22.5
2195,-22.8533,15.772,22.5
2196,-22.8441,15.7758,22.5
2197,-22.8349,15.7797,22.5
2198,-22.8256,15.7835,22.5
2199,-22.8164,15.7873,22.5
2200,-22.8072,15.7912,22.5
2201,-22.7979,15.795,22.5
2202,-22.7887,15.7988,22.5
2203,-22.7794,15.8026,22.5
2204,-22.7702,15.8065,22.5
2205,-22.761,15.8103,22.5
2206,-22.7517,15.8141,22.5
2207,-22.7425,15.8179,22.5
2208,-22.7332,15.8218,22.5
2209,-22.724,15.8256,22.5
2210,-22.7148,15.8294,22.5
2211,-22.7055,15.8332,22.5
2212,-22.6963,15.8371,22.5
2213,-22.687,15.8409,22.5
2214,-22.6778,15.8447,22.5
2215,-22.6686,15.8486,22.5
2216,-22.6593,15.8524,22.5
2217,-22.6501,15.8562,22.5
2218,-22.6409,15.86,22.5
2219,-22.6316,15.8639,22.5
2220,-22.6224,15.8677,22.5
2221,-22.6131,15.8715,22.5
2222,-22.6039,15.8753,22.5
2223,-22.5947,15.8792,22.5
2224,-22.5854,15.883,22.5
2225,-22.5762,15.8868,22.5
2226,-22.5669,15.8906,22.5
2227,-22.5577,15.8945,22.5
2228,-22.5485,15.8983,22.5
2229,-22.5392,15.9021,22.5
2230,-22.53,15.906,22.5
2231,-22.5207,15.9098,22.5
2232,-22.5115,15.9136,22.5
2233,-22.5023,15.9174,22.5
2234,-22.493,15.9213,22.5
2235,-22.4838,15.9251,22.5
2236,-22.4746,15.9289,22.5
2237,-22.4653,15.9327,22.5
2238,-22.4561,15.9366,22.5
2239,-22.4468,15.9404,22.5
2240,-22.4376,15.9442,22.5
2241,-22.4284,15.9481,22.5
2242,-22.4191,15.9519,22.5
2243,-22.4099,15.9557,22.5
2244,-22.4006,15.9595,22.5
2245,-22.3914,15.9634,22.5
2246,-22.3822,15.9672,22.5
2247,-22.3729,15.971,22.5
2248,-22.3637,15.9748,22.5
2249,-22.3545,15.9787,22.5
2250,-22.3452,15.9825,22.5
2251,-22.336,15.9863,22.5
2252,-22.3267,15.9901,22.5
2253,-22.3175,15.994,22.5
2254,-22.3083,15.9978,22.5
2255,-22.299,16.0016,22.5
2256,-22.2898,16.0055,22.5
2257,-22.2805,16.0093,22.5
2258,-22.2713,16.0131,22.5
2259,-22.2621,16.0169,22.5
2260,-22.2528,16.0208,22.5
2261,-22.2,16,22.5
2262,-22.1852,16.0062,23.073
2263,-22.1706,16.0125,23.6459
2264,-22.1559,16.019,24.2189
2265,-22.1414,16.0257,24.7918
2266,-22.1269,16.0324,25.3648
2267,-22.1125,16.0394,25.9377
2268,-22.0981,16.0464,26.5107
2269,-22.0838,16.0537,27.0837
2270,-22.0696,16.061,27.6566
2271,-22.0555,16.0685,28.2296
2272,-22.0414,16.0762,28.8025
2273,-22.0274,16.0839,29.3755
2274,-22.0135,16.0918,29.9485
2275,-21.9997,16.0999,30.5214
2276,-21.986,16.1081,31.0944
2277,-21.9723,16.1164,31.6673
2278,-21.9587,16.1249,32.2403
2279,-21.9452,16.1335,32.8132
2280,-21.9318,16.1422,33.3862
2281,-21.9185,16.1511,33.9592
2282,-21.9053,16.1601,34.5321
2283,-21.8922,16.1692,35.1051
2284,-21.8791,16.1785,35.678
2285,-21.8662,16.1879,36.251
2286,-21.8533,16.1974,36.8239
2287,-21.8406,16.2071,37.3969
2288,-21.8279,16.2169,37.9699
2289,-21.8153,16.2268,38.5428
2290,-21.8029,16.2368,39.1158
2291,-21.7905,16.247,39.6887
2292,-21.7782,16.2572,40.2617
2293,-21.7661,16.2676,40.8346
2294,-21.754,16.2782,41.4076
2295,-21.7421,16.2888,41.9806
2296,-21.7302,16.2996,42.5535
2297,-21.7185,16.3105,43.1265
2298,-21.7069,16.3214,43.6994
2299,-21.6954,16.3326,44.2724
2300,-21.6809,16.3468,45
2301,-21.6696,16.3582,45
2302,-21.6583,16.3695,45
2303,-21.647,16.3808,45
2304,-21.6357,16.3921,45
2305,-21.6244,16.4034,45
2306,-21.613,16.4147,45
2307,-21.6017,16.426,45
2308,-21.5904,16.4373,45
2309,-21.5791,16.4487,45
2310,-21.5678,16.46,45
2311,-21.5468,16.4809,45
2312,-21.5356,16.4923,45.573
2313,-21.5244,16.5038,46.1459
2314,-21.5134,16.5154,46.7189
2315,-21.5025,16.5271,47.2918
2316,-21.4917,16.5389,47.8648
2317,-21.481,16.5508,48.4377
2318,-21.4705,16.5628,49.0107
2319,-21.46,16.575,49.5837
2320,-21.4497,16.5872,50.1566
2321,-21.4395,16.5995,50.7296
2322,-21.4295,16.612,51.3025
2323,-21.4195,16.6245,51.8755
2324,-21.4097,16.6371,52.4485
2325,-21.4,16.6499,53.0214
2326,-21.3905,16.6627,53.5944
2327,-21.381,16.6756,54.1673
2328,-21.3717,16.6886,54.7403
2329,-21.3626,16.7018,55.3132
2330,-21.3535,16.715,55.8862
2331,-21.3446,16.7282,56.4592
2332,-21.3358,16.7416,57.0321
2333,-21.3272,16.7551,57.6051
2334,-21.3187,16.7686,58.178
2335,-21.3103,16.7823,58.751
2336,-21.3021,16.796,59.3239
2337,-21.294,16.8098,59.8969
2338,-21.2861,16.8237,60.4699
2339,-21.2782,16.8376,61.0428
2340,-21.2706,16.8517,61.6158
2341,-21.263,16.8658,62.1887
2342,-21.2556,16.88,62.7617
2343,-21.2484,16.8942,63.3346
2344,-21.2413,16.9086,63.9076
2345,-21.2343,16.923,64.4806
2346,-21.2275,16.9375,65.0535
2347,-21.2208,16.952,65.6265
2348,-21.2143,16.9666,66.1994
2349,-21.2079,16.9813,66.7724
2350,-21.2,17,67.5
2351,-21.2,17,67.5
2352,-21.1923,17.0182,66.7922
2353,-21.186,17.0329,66.7922
2354,-21.1797,17.0476,66.7922
2355,-21.1734,17.0623,66.7922
2356,-21.1671,17.077,66.7922
2357,-21.1608,17.0917,66.7922
2358,-21.1545,17.1064,66.7922
2359,-21.1482,17.1212,66.7922
2360,-21.1419,17.1359,66.7922
2361,-21.1356,17.1506,66.7922
2362,-21.1293,17.1653,66.7922
2363,-21.123,17.18,66.7922
2364,-21.1167,17.1947,66.7922
2365,-21.1104,17.2094,66.7922
2366,-21.1041,17.2241,66.7922
2367,-21.0977,17.2388,66.7922
2368,-21.0914,17.2535,66.7922
2369,-21.0851,17.2682,66.7922
2370,-21.0788,17.2829,66.7922
2371,-21.0725,17.2976,66.7922
2372,-21.0662,17.3123,66.7922
2373,-21.0599,17.327,66.7922
2374,-21.0536,17.3417,66.7922
2375,-21.0473,17.3564,66.7922
2376,-21.041,17.3711,66.7922
2377,-21.0347,17.3858,66.7922
2378,-21.0284,17.4006,66.7922
2379,-21.0221,17.4153,66.7922
2380,-21.0158,17.43,66.7922
2381,-21.0095,17.4447,66.7922
2382,-21.0032,17.4594,66.7922
2383,-20.9969,17.4741,66.7922
2384,-20.9906,17.4888,66.7922
2385,-20.9843,17.5035,66.7922
2386,-20.978,17.5182,66.7922
2387,-20.9716,17.5329,66.7922
2388,-20.9653,17.5476,66.7922
2389,-20.959,17.5623,66.7922
2390,-20.9527,17.577,66.7922
2391,-20.9464,17.5917,66.7922
2392,-20.9401,17.6064,66.7922
2393,-20.9338,17.6211,66.7922
2394,-20.9275,17.6358,66.7922
2395,-20.9212,17.6505,66.7922
2396,-20.9149,17.6652,66.7922
2397,-20.9086,17.68,66.7922
2398,-20.9023,17.6947,66.7922
2399,-20.896,17.7094,66.7922
2400,-20.8897,17.7241,66.7922
2401,-20.8834,17.7388,66.7922
2402,-20.8771,17.7535,66.7922
2403,-20.8708,17.7682,66.7922
2404,-20.8645,17.7829,66.7922
2405,-20.8582,17.7976,66.7922
2406,-20.8519,17.8123,66.7922
2407,-20.8455,17.827,66.7922
2408,-20.8392,17.8417,66.7922
2409,-20.8329,17.8564,66.7922
2410,-20.8266,17.8711,66.7922
2411,-20.8203,17.8858,66.7922
2412,-20.814,17.9005,66.7922
2413,-20.8077,17.9152,66.7922
2414,-20.8014,17.9299,66.7922
2415,-20.7951,17.9446,66.7922
2416,-20.7888,17.9594,66.7922
2417,-20.7825,17.9741,66.7922
2418,-20.7762,17.9888,66.7922
2419,-20.7699,18.0035,66.7922
2420,-20.7636,18.0182,66.7922
2421,-20.7573,18.0329,66.7922
2422,-20.751,18.0476,66.7922
2423,-20.7447,18.0623,66.7922
2424,-20.7384,18.077,66.7922
2425,-20.7321,18.0917,66.7922
2426,-20.7257,18.1064,66.7922
2427,-20.7194,18.1211,66.7922
2428,-20.7131,18.1358,66.7922
2429,-20.7068,18.1505,66.7922
2430,-20.7005,18.1652,66.7922
2431,-20.6942,18.1799,66.7922
2432,-20.6879,18.1946,66.7922
2433,-20.6816,18.2093,66.7922
2434,-20.6753,18.224,66.7922
2435,-20.669,18.2388,66.7922
2436,-20.6627,18.2535,66.7922
2437,-20.6564,18.2682,66.7922
2438,-20.6501,18.2829,66.7922
2439,-20.6438,18.2976,66.7922
2440,-20.6375,18.3123,66.7922
2441,-20.6312,18.327,66.7922
2442,-20.6249,18.3417,66.7922
2443,-20.6186,18.3564,66.7922
2444,-20.6077,18.3818,66.7922
2445,-20.6,18.4,67.5
2446,-20.6,18.4,67.5
2447,-20.5938,18.4148,66.927
2448,-20.5875,18.4294,66.3541
2449,-20.581,18.4441,65.7811
2450,-20.5743,18.4586,65.2082
2451,-20.5676,18.4731,64.6352
2452,-20.5606,18.4875,64.0623
2453,-20.5536,18.5019,63.4893
2454,-20.5446,18.5196,62.7778
2455,-20.5373,18.5338,62.7778
2456,-20.5299,18.5481,62.7778
2457,-20.5226,18.5623,62.7778
2458,-20.5153,18.5765,62.7778
2459,-20.508,18.5908,62.7778
2460,-20.5007,18.605,62.7778
2461,-20.4933,18.6192,62.7778
2462,-20.486,18.6334,62.7778
2463,-20.4787,18.6477,62.7778
2464,-20.4714,18.6619,62.7778
2465,-20.4641,18.6761,62.7778
2466,-20.4567,18.6903,62.7778
2467,-20.4494,18.7046,62.7778
2468,-20.4421,18.7188,62.7778
2469,-20.4348,18.733,62.7778
2470,-20.4275,18.7473,62.7778
2471,-20.4202,18.7615,62.7778
2472,-20.4128,18.7757,62.7778
2473,-20.4055,18.7899,62.7778
2474,-20.3982,18.8042,62.7778
2475,-20.3909,18.8184,62.7778
2476,-20.3836,18.8326,62.7778
2477,-20.3762,18.8469,62.7778
2478,-20.3689,18.8611,62.7778
2479,-20.3616,18.8753,62.7778
2480,-20.3543,18.8895,62.7778
2481,-20.347,18.9038,62.7778
2482,-20.3396,18.918,62.7778
2483,-20.3323,18.9322,62.7778
2484,-20.325,18.9464,62.7778
2485,-20.3177,18.9607,62.7778
2486,-20.3104,18.9749,62.7778
2487,-20.303,18.9891,62.7778
2488,-20.2957,19.0034,62.7778
2489,-20.2884,19.0176,62.7778
2490,-20.2811,19.0318,62.7778
2491,-20.2738,19.046,62.7778
2492,-20.2665,19.0603,62.7778
2493,-20.2591,19.0745,62.7778
2494,-20.2518,19.0887,62.7778
2495,-20.2445,19.103,62.7778
2496,-20.2372,19.1172,62.7778
2497,-20.2299,19.1314,62.7778
2498,-20.2225,19.1456,62.7778
2499,-20.2152,19.1599,62.7778
2500,-20.2079,19.1741,62.7778
2501,-20.2006,19.1883,62.7778
2502,-20.1933,19.2025,62.7778
2503,-20.1859,19.2168,62.7778
2504,-20.1786,19.231,62.7778
2505,-20.1713,19.2452,62.7778
2506,-20.164,19.2595,62.7778
2507,-20.1567,19.2737,62.7778
2508,-20.1493,19.2879,62.7778
2509,-20.142,19.3021,62.7778
2510,-20.1347,19.3164,62.7778
2511,-20.1274,19.3306,62.7778
2512,-20.1201,19.3448,62.7778
2513,-20.1128,19.3591,62.7778
2514,-20.1054,19.3733,62.7778
2515,-20.0914,19.4005,62.7778
2516,-20.084,19.4147,62.2049
2517,-20.0765,19.4288,61.6319
2518,-20.0688,19.4429,61.059
2519,-20.061,19.4568,60.486
2520,-20.0531,19.4707,59.913
2521,-20.045,19.4845,59.3401
2522,-20.0367,19.4983,58.7671
2523,-20.0284,19.5119,58.1942
2524,-20.0199,19.5255,57.6212
2525,-20.0112,19.5389,57.0483
2526,-20.0025,19.5523,56.4753
2527,-19.9936,19.5656,55.9023
2528,-19.9845,19.5788,55.3294
2529,-19.9754,19.5919,54.7564
2530,-19.9661,19.6049,54.1835
2531,-19.9566,19.6179,53.6105
2532,-19.9471,19.6307,53.0376
2533,-19.9374,19.6434,52.4646
2534,-19.9276,19.6561,51.8916
2535,-19.9176,19.6686,51.3187
2536,-19.9076,19.6811,50.7457
2537,-19.8974,19.6934,50.1728
2538,-19.8871,19.7056,49.5998
2539,-19.8767,19.7178,49.0268
2540,-19.8661,19.7298,48.4539
2541,-19.8554,19.7417,47.8809
2542,-19.8446,19.7535,47.308
2543,-19.8337,19.7652,46.735
2544,-19.8227,19.7768,46.1621
2545,-19.8116,19.7883,45.5891
2546,-19.8,19.8,45
